8.00000e+01 0.00000e+00
1.80000e+02 0.00000e+00
2.80000e+02 0.00000e+00
3.80000e+02 0.00000e+00
4.80000e+02 0.00000e+00
5.80000e+02 0.00000e+00
6.80000e+02 0.00000e+00
7.80000e+02 3.23462e-36
9.00000e+02 1.31879e-33
9.10286e+02 2.36602e-21
9.20689e+02 1.16779e-18
9.31211e+02 2.58310e-18
9.41854e+02 3.87560e-18
9.52618e+02 5.97034e-18
9.63505e+02 9.02197e-18
9.74516e+02 1.30518e-17
9.85654e+02 1.91179e-17
9.96918e+02 2.81809e-17
1.00831e+03 4.21898e-17
1.01984e+03 5.73862e-17
1.03149e+03 8.59631e-17
1.04328e+03 1.28700e-16
1.05520e+03 1.80872e-16
1.06726e+03 2.59051e-16
1.07946e+03 3.70275e-16
1.09180e+03 5.49955e-16
1.10427e+03 1.58077e-15
1.11689e+03 2.93191e-15
1.12966e+03 4.70451e-15
1.14257e+03 6.99615e-15
1.15563e+03 9.32287e-15
1.16883e+03 1.33166e-14
1.18219e+03 1.66447e-14
1.19570e+03 1.65000e-14
1.20937e+03 1.33601e-14
1.22319e+03 2.22934e-14
1.23717e+03 4.74616e-14
1.25131e+03 6.64634e-14
1.26561e+03 8.04368e-14
1.28007e+03 1.02076e-13
1.29470e+03 1.28854e-13
1.30950e+03 1.56630e-13
1.32446e+03 1.87936e-13
1.33960e+03 2.30339e-13
1.35491e+03 2.90383e-13
1.37040e+03 3.42074e-13
1.38606e+03 4.13765e-13
1.40190e+03 5.29326e-13
1.41792e+03 6.77008e-13
1.43412e+03 9.02594e-13
1.45051e+03 1.14474e-12
1.46709e+03 1.56018e-12
1.48386e+03 1.95358e-12
1.50082e+03 2.64375e-12
1.51797e+03 4.01218e-12
1.53532e+03 9.30021e-12
1.55286e+03 1.24776e-11
1.57061e+03 2.07117e-11
1.58856e+03 3.38598e-11
1.60672e+03 4.14195e-11
1.62508e+03 5.16842e-11
1.64365e+03 7.32174e-11
1.66244e+03 8.02170e-11
1.68143e+03 2.74392e-10
1.70065e+03 4.00449e-10
1.72009e+03 4.61895e-10
1.73975e+03 7.39296e-10
1.75963e+03 1.09974e-09
1.77974e+03 1.36869e-09
1.80008e+03 1.90830e-09
1.82065e+03 2.18459e-09
1.84146e+03 2.27422e-09
1.86250e+03 3.09455e-09
1.88379e+03 3.93649e-09
1.90532e+03 4.97558e-09
1.92709e+03 4.88215e-09
1.94912e+03 6.88830e-09
1.97139e+03 9.24448e-09
1.99392e+03 1.07349e-08
2.01671e+03 1.08492e-08
2.03976e+03 1.39040e-08
2.06307e+03 1.61871e-08
2.08665e+03 5.91268e-08
2.11050e+03 6.80202e-08
2.13462e+03 7.29107e-08
2.15901e+03 7.82386e-08
2.18369e+03 8.95543e-08
2.20864e+03 8.94641e-08
2.25000e+03 1.23684e-07
2.26286e+03 8.57257e-08
2.27579e+03 1.01404e-07
2.28879e+03 1.34656e-07
2.30187e+03 1.36945e-07
2.31502e+03 1.27361e-07
2.32825e+03 1.08339e-07
2.34156e+03 8.11449e-08
2.35494e+03 1.10648e-07
2.36840e+03 8.89301e-08
2.38193e+03 7.75821e-08
2.39554e+03 7.88947e-08
2.40923e+03 8.95050e-08
2.42300e+03 1.53983e-07
2.43684e+03 2.00347e-07
2.45077e+03 2.48810e-07
2.46477e+03 2.04970e-07
2.47885e+03 1.29499e-07
2.49302e+03 1.07093e-07
2.50727e+03 1.43600e-07
2.52159e+03 6.62242e-08
2.53600e+03 1.39679e-07
2.55049e+03 2.85808e-07
2.56507e+03 3.08574e-07
2.57973e+03 3.49715e-07
2.59447e+03 2.91095e-07
2.60929e+03 2.38291e-07
2.62420e+03 3.55429e-07
2.63920e+03 8.07953e-07
2.65428e+03 1.33161e-06
2.66945e+03 9.50656e-07
2.68470e+03 1.12210e-06
2.70004e+03 9.46851e-07
2.71547e+03 7.12349e-07
2.73099e+03 5.44093e-07
2.74659e+03 4.49505e-07
2.76229e+03 6.88943e-07
2.77807e+03 6.57483e-07
2.79395e+03 2.52950e-07
2.80991e+03 4.55543e-07
2.82597e+03 9.18007e-07
2.84212e+03 6.02925e-07
2.85836e+03 4.64372e-07
2.87469e+03 1.20051e-06
2.89112e+03 1.58983e-06
2.90764e+03 2.39814e-06
2.92426e+03 2.30526e-06
2.94096e+03 2.02652e-06
2.95777e+03 1.91538e-06
2.97467e+03 1.94733e-06
2.99167e+03 1.95363e-06
3.00877e+03 1.90336e-06
3.02596e+03 2.08542e-06
3.04325e+03 2.22361e-06
3.06064e+03 2.49464e-06
3.07813e+03 2.64557e-06
3.09572e+03 2.79347e-06
3.11341e+03 3.18189e-06
3.13120e+03 2.93008e-06
3.14909e+03 2.96209e-06
3.16709e+03 3.20267e-06
3.18518e+03 2.91226e-06
3.20339e+03 2.97226e-06
3.22169e+03 2.77398e-06
3.24010e+03 3.29568e-06
3.25862e+03 4.37619e-06
3.27724e+03 4.81036e-06
3.29596e+03 4.60500e-06
3.31480e+03 4.34230e-06
3.33374e+03 4.44152e-06
3.35279e+03 4.04288e-06
3.37195e+03 3.15367e-06
3.39122e+03 3.46658e-06
3.41059e+03 3.65699e-06
3.43008e+03 3.90530e-06
3.44968e+03 4.11929e-06
3.46940e+03 4.38020e-06
3.48922e+03 5.00693e-06
3.50916e+03 5.33889e-06
3.52921e+03 4.93077e-06
3.54938e+03 5.20359e-06
3.56966e+03 3.65216e-06
3.59006e+03 3.67098e-06
3.61057e+03 4.74110e-06
3.63121e+03 5.27685e-06
3.65196e+03 6.34586e-06
3.67282e+03 6.76583e-06
3.69381e+03 6.30197e-06
3.71492e+03 5.75047e-06
3.73615e+03 4.14131e-06
3.75750e+03 5.22528e-06
3.77897e+03 6.39276e-06
3.80056e+03 6.13535e-06
3.82228e+03 4.08504e-06
3.84412e+03 3.72718e-06
3.86609e+03 4.18962e-06
3.88818e+03 5.69200e-06
3.91040e+03 6.56592e-06
3.93274e+03 4.25066e-06
3.95522e+03 5.47343e-06
3.97782e+03 6.52062e-06
4.00055e+03 1.03738e-05
4.02341e+03 1.06909e-05
4.04640e+03 1.01505e-05
4.06952e+03 9.84077e-06
4.09278e+03 1.17475e-05
4.11616e+03 1.12947e-05
4.13969e+03 1.06193e-05
4.16334e+03 1.05159e-05
4.18713e+03 1.03548e-05
4.21106e+03 1.03811e-05
4.23512e+03 1.02125e-05
4.25932e+03 1.02947e-05
4.28366e+03 9.37561e-06
4.30814e+03 8.49601e-06
4.33276e+03 1.16004e-05
4.35752e+03 1.23717e-05
4.38242e+03 1.19014e-05
4.40746e+03 1.19563e-05
4.43264e+03 1.31850e-05
4.45797e+03 1.39012e-05
4.48345e+03 1.49332e-05
4.50907e+03 1.65742e-05
4.53483e+03 1.52818e-05
4.56075e+03 1.64122e-05
4.58681e+03 1.63613e-05
4.61302e+03 1.63429e-05
4.63938e+03 1.61464e-05
4.66589e+03 1.67479e-05
4.69255e+03 1.65913e-05
4.71937e+03 1.64537e-05
4.74633e+03 1.71889e-05
4.77346e+03 1.72433e-05
4.80073e+03 1.73572e-05
4.82817e+03 1.79416e-05
4.85576e+03 1.70189e-05
4.88350e+03 1.72774e-05
4.91141e+03 1.79233e-05
4.93947e+03 1.79576e-05
4.96770e+03 1.78365e-05
4.99609e+03 1.61875e-05
5.02464e+03 1.61513e-05
5.05335e+03 1.67062e-05
5.08222e+03 1.67096e-05
5.11126e+03 1.65475e-05
5.14047e+03 1.57675e-05
5.16985e+03 1.44512e-05
5.19939e+03 1.54612e-05
5.22910e+03 1.74811e-05
5.25898e+03 1.73257e-05
5.28903e+03 1.83793e-05
5.31925e+03 1.88062e-05
5.34965e+03 1.89991e-05
5.38022e+03 1.90970e-05
5.41096e+03 1.87209e-05
5.44188e+03 1.92732e-05
5.47298e+03 1.92359e-05
5.50425e+03 1.91747e-05
5.53571e+03 1.97815e-05
5.56734e+03 1.96087e-05
5.59915e+03 1.93991e-05
5.63115e+03 1.97589e-05
5.66333e+03 1.97087e-05
5.69569e+03 1.97819e-05
5.72824e+03 2.05783e-05
5.76097e+03 2.03750e-05
5.79389e+03 1.99644e-05
5.82700e+03 2.07993e-05
5.86029e+03 2.02981e-05
5.89378e+03 1.91856e-05
5.92746e+03 2.01869e-05
5.96133e+03 2.04339e-05
5.99540e+03 2.02192e-05
6.02966e+03 2.04830e-05
6.06411e+03 2.07214e-05
6.09876e+03 1.99737e-05
6.13361e+03 1.91450e-05
6.16866e+03 1.86621e-05
6.20391e+03 1.90742e-05
6.23936e+03 1.80912e-05
6.27502e+03 1.86173e-05
6.31087e+03 1.85967e-05
6.34694e+03 1.87794e-05
6.38320e+03 1.89585e-05
6.41968e+03 1.89915e-05
6.45636e+03 1.90553e-05
6.49326e+03 1.90163e-05
6.53036e+03 1.94721e-05
6.56768e+03 1.87113e-05
6.60521e+03 1.94269e-05
6.64295e+03 1.92836e-05
6.68091e+03 1.89589e-05
6.71909e+03 1.86354e-05
6.75748e+03 1.86589e-05
6.79610e+03 1.86152e-05
6.83493e+03 1.87578e-05
6.87399e+03 1.89361e-05
6.91327e+03 1.91953e-05
6.95277e+03 1.92812e-05
6.99250e+03 1.94204e-05
7.03246e+03 1.97515e-05
7.07265e+03 1.92809e-05
7.11306e+03 1.82205e-05
7.15371e+03 1.78249e-05
7.19459e+03 1.77062e-05
7.23570e+03 1.83445e-05
7.27705e+03 1.84979e-05
7.31863e+03 1.88867e-05
7.36045e+03 1.93171e-05
7.40251e+03 1.92151e-05
7.44481e+03 1.95820e-05
7.48735e+03 1.97445e-05
7.53014e+03 2.00801e-05
7.57317e+03 2.00501e-05
7.61644e+03 1.94761e-05
7.65996e+03 1.85792e-05
7.70373e+03 1.83627e-05
7.74776e+03 1.83507e-05
7.79203e+03 1.86902e-05
7.83656e+03 1.85015e-05
7.88134e+03 1.83786e-05
7.92637e+03 1.78691e-05
8.00000e+03 1.83963e-05
8.09143e+03 1.84744e-05
8.18390e+03 1.86790e-05
8.27743e+03 1.86573e-05
8.37203e+03 1.80270e-05
8.46771e+03 1.70164e-05
8.56449e+03 1.71664e-05
8.66237e+03 1.75231e-05
8.76137e+03 1.78679e-05
8.86150e+03 1.77192e-05
8.96277e+03 1.74194e-05
9.06520e+03 1.74987e-05
9.16880e+03 1.75715e-05
9.27359e+03 1.69872e-05
9.37958e+03 1.68436e-05
9.48677e+03 1.68241e-05
9.59519e+03 1.65215e-05
9.70485e+03 1.61476e-05
9.81576e+03 1.59676e-05
9.92794e+03 1.57817e-05
1.00414e+04 1.54512e-05
1.01562e+04 1.51338e-05
1.02722e+04 1.49356e-05
1.03896e+04 1.47085e-05
1.05084e+04 1.46083e-05
1.06285e+04 1.43552e-05
1.07499e+04 1.41208e-05
1.08728e+04 1.38767e-05
1.09971e+04 1.37347e-05
1.11227e+04 1.35386e-05
1.12499e+04 1.33034e-05
1.13784e+04 1.30384e-05
1.15085e+04 1.29107e-05
1.16400e+04 1.24860e-05
1.17730e+04 1.22134e-05
1.19076e+04 1.18378e-05
1.20437e+04 1.15813e-05
1.21813e+04 1.16695e-05
1.23205e+04 1.16281e-05
1.24613e+04 1.15738e-05
1.26037e+04 1.15434e-05
1.27478e+04 1.14586e-05
1.28935e+04 1.11600e-05
1.30408e+04 1.10475e-05
1.31899e+04 1.07735e-05
1.33406e+04 1.05553e-05
1.34931e+04 1.04284e-05
1.36473e+04 1.01989e-05
1.38032e+04 1.00717e-05
1.39610e+04 9.75952e-06
1.41205e+04 9.55797e-06
1.42819e+04 9.32810e-06
1.44451e+04 9.21008e-06
1.46102e+04 9.05581e-06
1.47772e+04 8.85500e-06
1.49461e+04 8.77274e-06
1.51169e+04 8.65737e-06
1.52897e+04 8.65396e-06
1.54644e+04 8.56079e-06
1.56411e+04 8.34380e-06
1.58199e+04 8.04047e-06
1.60007e+04 8.14206e-06
1.61836e+04 8.18532e-06
1.63685e+04 8.08956e-06
1.65556e+04 7.92499e-06
1.67448e+04 7.67274e-06
1.69362e+04 7.48361e-06
1.71297e+04 7.21786e-06
1.73255e+04 6.90242e-06
1.75235e+04 6.67672e-06
1.77238e+04 6.42808e-06
1.79263e+04 6.19753e-06
1.81312e+04 5.93550e-06
1.83384e+04 5.72149e-06
1.85480e+04 5.48826e-06
1.87600e+04 5.25848e-06
1.89744e+04 5.05798e-06
1.91912e+04 4.92484e-06
1.94105e+04 4.66392e-06
1.96324e+04 4.51764e-06
1.98568e+04 4.35416e-06
2.00837e+04 4.24143e-06
2.03132e+04 4.06526e-06
2.05454e+04 3.92843e-06
2.07802e+04 3.77741e-06
2.10177e+04 3.62752e-06
2.12579e+04 3.49905e-06
2.15008e+04 3.37688e-06
2.17465e+04 3.23201e-06
2.19951e+04 3.10362e-06
2.22464e+04 2.98939e-06
2.25007e+04 2.87524e-06
2.27578e+04 2.75890e-06
2.30179e+04 2.45427e-06
2.32810e+04 2.26742e-06
2.35471e+04 2.11158e-06
2.38162e+04 1.99072e-06
2.40883e+04 1.90773e-06
2.43636e+04 1.84161e-06
2.46421e+04 1.75725e-06
2.50000e+04 1.61296e-06
2.57143e+04 1.54222e-06
2.64490e+04 1.45344e-06
2.72047e+04 1.35966e-06
2.79819e+04 1.26196e-06
2.87814e+04 1.16463e-06
2.96038e+04 1.06342e-06
3.04496e+04 9.68633e-07
3.13196e+04 8.81006e-07
3.22144e+04 7.98730e-07
3.31348e+04 7.18781e-07
3.40815e+04 6.48336e-07
3.50553e+04 5.86169e-07
3.60569e+04 5.27897e-07
3.70871e+04 4.73686e-07
3.81467e+04 4.28717e-07
3.92366e+04 3.84028e-07
4.03577e+04 3.45528e-07
4.15108e+04 3.11110e-07
4.26968e+04 2.72159e-07
4.39167e+04 2.17727e-07
4.51715e+04 1.86155e-07
4.64621e+04 1.69109e-07
4.77896e+04 1.55965e-07
4.91550e+04 1.41954e-07
5.05594e+04 1.29183e-07
5.20040e+04 1.18642e-07
5.34898e+04 1.07621e-07
5.50181e+04 9.84156e-08
5.65900e+04 9.02803e-08
5.82069e+04 8.25100e-08
5.98699e+04 7.50561e-08
6.15805e+04 6.80698e-08
6.33400e+04 6.16325e-08
6.51497e+04 5.58173e-08
6.70111e+04 5.02181e-08
6.89257e+04 4.52128e-08
7.08950e+04 4.06564e-08
7.29206e+04 3.65358e-08
7.50041e+04 3.27785e-08
7.71470e+04 2.94402e-08
7.93512e+04 2.64123e-08
8.16184e+04 2.36893e-08
8.39504e+04 2.12446e-08
8.63490e+04 1.90570e-08
8.88161e+04 1.70839e-08
9.13537e+04 1.53188e-08
9.39638e+04 1.37376e-08
9.66485e+04 1.26528e-08
1.00200e+05 1.07096e-08
2.00000e+05 7.11562e-10
4.00000e+05 4.53904e-11
6.00000e+05 8.98235e-12
8.00000e+05 2.83859e-12
1.00000e+06 1.15949e-12
1.20000e+06 5.57466e-13
1.40000e+06 3.00126e-13
1.60000e+06 1.75472e-13
