9.10000e+01 3.60555e-03
9.40000e+01 3.52231e-03
9.60000e+01 3.51677e-03
9.80000e+01 3.49201e-03
1.00000e+02 3.46877e-03
1.02000e+02 3.44689e-03
1.04000e+02 3.42619e-03
1.06000e+02 3.40637e-03
1.08000e+02 3.38794e-03
1.10000e+02 3.39722e-03
1.14000e+02 3.33476e-03
1.18000e+02 3.26981e-03
1.21000e+02 3.25014e-03
1.25000e+02 3.17073e-03
1.27000e+02 3.15688e-03
1.28000e+02 3.17429e-03
1.31000e+02 3.10418e-03
1.32000e+02 3.12139e-03
1.34000e+02 3.10009e-03
1.37000e+02 3.05973e-03
1.40000e+02 3.03075e-03
1.43000e+02 3.01190e-03
1.47000e+02 2.97009e-03
1.51000e+02 2.93976e-03
1.55000e+02 2.91249e-03
1.59000e+02 2.88023e-03
1.62000e+02 2.87914e-03
1.66000e+02 2.85252e-03
1.70000e+02 2.82823e-03
1.73000e+02 2.83214e-03
1.77000e+02 2.80557e-03
1.80000e+02 2.79764e-03
1.82000e+02 2.81541e-03
1.86000e+02 2.80088e-03
1.91000e+02 2.77072e-03
1.94000e+02 2.78537e-03
1.98000e+02 2.77260e-03
2.02000e+02 2.76192e-03
2.05000e+02 2.78060e-03
2.10000e+02 2.77383e-03
2.16000e+02 2.75691e-03
2.20000e+02 2.76733e-03
2.23000e+02 2.78484e-03
2.27000e+02 4.00833e-03
2.30000e+02 1.27859e-02
2.34000e+02 1.37014e-02
2.40000e+02 1.33891e-02
2.46000e+02 1.32454e-02
2.52000e+02 1.29822e-02
2.57000e+02 1.23386e-02
2.60000e+02 1.25960e-02
2.64000e+02 1.25907e-02
2.69000e+02 1.23425e-02
2.74000e+02 1.20964e-02
2.79000e+02 1.17941e-02
2.84000e+02 1.16537e-02
2.90000e+02 1.13882e-02
2.96000e+02 1.09012e-02
3.01000e+02 1.00917e-02
3.08000e+02 1.01068e-02
3.18000e+02 1.03246e-02
3.28000e+02 1.01518e-02
3.38000e+02 9.88058e-03
3.48000e+02 9.66365e-03
3.57000e+02 9.62662e-03
3.66000e+02 9.64931e-03
3.75000e+02 9.55588e-03
3.85000e+02 9.36090e-03
3.95000e+02 9.53767e-03
4.05000e+02 9.66510e-03
4.14000e+02 9.66923e-03
4.22000e+02 9.62497e-03
4.30000e+02 9.70912e-03
4.41000e+02 9.83535e-03
4.51000e+02 9.93120e-03
4.60000e+02 9.96770e-03
4.70000e+02 1.00715e-02
4.80000e+02 1.02677e-02
4.90000e+02 1.03753e-02
5.00000e+02 1.06286e-02
5.06000e+02 1.11668e-02
5.12000e+02 1.22117e-02
5.20000e+02 1.25047e-02
5.30000e+02 1.27075e-02
5.40000e+02 1.27733e-02
5.50000e+02 1.31180e-02
5.60000e+02 1.37801e-02
5.70000e+02 1.42587e-02
5.80000e+02 1.46064e-02
5.90000e+02 1.50864e-02
6.00000e+02 1.53969e-02
6.10000e+02 1.57737e-02
6.20000e+02 1.64827e-02
6.30000e+02 1.70186e-02
6.40000e+02 1.76818e-02
6.50000e+02 1.81620e-02
6.58000e+02 1.85710e-02
6.65000e+02 1.93364e-02
6.75000e+02 1.99765e-02
6.85000e+02 2.05188e-02
6.95000e+02 2.14087e-02
7.05000e+02 2.20368e-02
7.16000e+02 2.31420e-02
7.26000e+02 2.41105e-02
7.35000e+02 2.50318e-02
7.45000e+02 2.59012e-02
7.55000e+02 2.68385e-02
7.65000e+02 2.77581e-02
7.75000e+02 2.89854e-02
7.85000e+02 3.00942e-02
7.95000e+02 3.13591e-02
8.05000e+02 3.27643e-02
8.15000e+02 3.41760e-02
8.25000e+02 3.55586e-02
8.35000e+02 3.66337e-02
8.45000e+02 3.85760e-02
8.55000e+02 4.02257e-02
8.65000e+02 4.20683e-02
8.75000e+02 4.39046e-02
8.85000e+02 4.57777e-02
8.95000e+02 4.76884e-02
9.05000e+02 5.26143e-02
9.15000e+02 7.86077e-02
9.25000e+02 1.21501e-01
9.35000e+02 1.65774e-01
9.45000e+02 2.14695e-01
9.55000e+02 2.48899e-01
9.65000e+02 2.68565e-01
9.75000e+02 2.16972e-01
9.85000e+02 2.86113e-01
9.95000e+02 3.03200e-01
1.00500e+03 3.30642e-01
1.01500e+03 3.20483e-01
1.02500e+03 2.64369e-01
1.03500e+03 3.27456e-01
1.04500e+03 3.89518e-01
1.05500e+03 4.07729e-01
1.06500e+03 4.05187e-01
1.07500e+03 4.21497e-01
1.08500e+03 4.17221e-01
1.09500e+03 4.54278e-01
1.10500e+03 4.93571e-01
1.11500e+03 5.20996e-01
1.12500e+03 5.36546e-01
1.13500e+03 5.66334e-01
1.14500e+03 5.71976e-01
1.15500e+03 5.95350e-01
1.16500e+03 6.10497e-01
1.17500e+03 5.85005e-01
1.18500e+03 5.98791e-01
1.19500e+03 5.57415e-01
1.20500e+03 5.39346e-01
1.20872e+03 5.08255e-01
1.20880e+03 5.04108e-01
1.20887e+03 5.04153e-01
1.20894e+03 5.04308e-01
1.20902e+03 5.04587e-01
1.20909e+03 5.05002e-01
1.20916e+03 5.05567e-01
1.20923e+03 5.06298e-01
1.20931e+03 5.07212e-01
1.20938e+03 5.08327e-01
1.20945e+03 5.09663e-01
1.20953e+03 5.11241e-01
1.20960e+03 5.13085e-01
1.20967e+03 5.15219e-01
1.20975e+03 5.17669e-01
1.20982e+03 5.20464e-01
1.20989e+03 5.23634e-01
1.20996e+03 5.27210e-01
1.21004e+03 5.31229e-01
1.21011e+03 5.35728e-01
1.21018e+03 5.40741e-01
1.21026e+03 5.46309e-01
1.21033e+03 5.52478e-01
1.21040e+03 5.59291e-01
1.21047e+03 5.66792e-01
1.21055e+03 5.75036e-01
1.21062e+03 5.84070e-01
1.21069e+03 5.93943e-01
1.21077e+03 6.04719e-01
1.21084e+03 6.16450e-01
1.21091e+03 6.29188e-01
1.21099e+03 6.43004e-01
1.21106e+03 6.57959e-01
1.21113e+03 6.74104e-01
1.21120e+03 6.91499e-01
1.21128e+03 7.10222e-01
1.21135e+03 7.30330e-01
1.21142e+03 7.51877e-01
1.21150e+03 7.74944e-01
1.21157e+03 7.99584e-01
1.21164e+03 8.25847e-01
1.21172e+03 8.53816e-01
1.21179e+03 8.83535e-01
1.21186e+03 9.15047e-01
1.21193e+03 9.48431e-01
1.21201e+03 9.83736e-01
1.21208e+03 1.02098e+00
1.21215e+03 1.06019e+00
1.21223e+03 1.10145e+00
1.21230e+03 1.14476e+00
1.21237e+03 1.19013e+00
1.21244e+03 1.23761e+00
1.21252e+03 1.28718e+00
1.21259e+03 1.33884e+00
1.21266e+03 1.39262e+00
1.21274e+03 1.44847e+00
1.21281e+03 1.50634e+00
1.21288e+03 1.56626e+00
1.21296e+03 1.62817e+00
1.21303e+03 1.69196e+00
1.21310e+03 1.75758e+00
1.21317e+03 1.82499e+00
1.21325e+03 1.89407e+00
1.21332e+03 1.96471e+00
1.21339e+03 2.03684e+00
1.21347e+03 2.11031e+00
1.21354e+03 2.18496e+00
1.21361e+03 2.26070e+00
1.21369e+03 2.33739e+00
1.21376e+03 2.41478e+00
1.21383e+03 2.49270e+00
1.21390e+03 2.57103e+00
1.21398e+03 2.64955e+00
1.21405e+03 2.72802e+00
1.21412e+03 2.80629e+00
1.21420e+03 2.88412e+00
1.21427e+03 2.96125e+00
1.21434e+03 3.03751e+00
1.21441e+03 3.11266e+00
1.21449e+03 3.18642e+00
1.21456e+03 3.25863e+00
1.21463e+03 3.32904e+00
1.21471e+03 3.39736e+00
1.21478e+03 3.46337e+00
1.21485e+03 3.52690e+00
1.21493e+03 3.58799e+00
1.21500e+03 3.64632e+00
1.21507e+03 3.70234e+00
1.21514e+03 3.75529e+00
1.21522e+03 3.80494e+00
1.21529e+03 3.85089e+00
1.21536e+03 3.89295e+00
1.21544e+03 3.93095e+00
1.21551e+03 3.96478e+00
1.21558e+03 3.99431e+00
1.21566e+03 4.01942e+00
1.21573e+03 4.04000e+00
1.21580e+03 4.05600e+00
1.21587e+03 4.06736e+00
1.21595e+03 4.07404e+00
1.21602e+03 4.07601e+00
1.21609e+03 4.07328e+00
1.21617e+03 4.06585e+00
1.21624e+03 4.05376e+00
1.21631e+03 4.03706e+00
1.21638e+03 4.01583e+00
1.21646e+03 3.99013e+00
1.21653e+03 3.96007e+00
1.21660e+03 3.92578e+00
1.21668e+03 3.88741e+00
1.21675e+03 3.84506e+00
1.21682e+03 3.79893e+00
1.21690e+03 3.74920e+00
1.21697e+03 3.69601e+00
1.21704e+03 3.63959e+00
1.21711e+03 3.58016e+00
1.21719e+03 3.51789e+00
1.21726e+03 3.45302e+00
1.21733e+03 3.38580e+00
1.21741e+03 3.31641e+00
1.21748e+03 3.24507e+00
1.21755e+03 3.17208e+00
1.21763e+03 3.09768e+00
1.21770e+03 3.02203e+00
1.21777e+03 2.94540e+00
1.21784e+03 2.86805e+00
1.21792e+03 2.79013e+00
1.21799e+03 2.71191e+00
1.21806e+03 2.63361e+00
1.21814e+03 2.55539e+00
1.21821e+03 2.47747e+00
1.21828e+03 2.40008e+00
1.21835e+03 2.32332e+00
1.21843e+03 2.24738e+00
1.21850e+03 2.17247e+00
1.21857e+03 2.09874e+00
1.21865e+03 2.02628e+00
1.21872e+03 1.95523e+00
1.21879e+03 1.88574e+00
1.21887e+03 1.81787e+00
1.21894e+03 1.75173e+00
1.21901e+03 1.68743e+00
1.21908e+03 1.62499e+00
1.21916e+03 1.56447e+00
1.21923e+03 1.50598e+00
1.21930e+03 1.44955e+00
1.21938e+03 1.39516e+00
1.21945e+03 1.34286e+00
1.21952e+03 1.29268e+00
1.21960e+03 1.24458e+00
1.21967e+03 1.19857e+00
1.21974e+03 1.15467e+00
1.21981e+03 1.11281e+00
1.21989e+03 1.07298e+00
1.21996e+03 1.03518e+00
1.22003e+03 9.99325e-01
1.22011e+03 9.65381e-01
1.22018e+03 9.33329e-01
1.22025e+03 9.03116e-01
1.22032e+03 8.74663e-01
1.22040e+03 8.47926e-01
1.22047e+03 8.22857e-01
1.22054e+03 7.99375e-01
1.22062e+03 7.77427e-01
1.22069e+03 7.56960e-01
1.22076e+03 7.37894e-01
1.22084e+03 7.20173e-01
1.22091e+03 7.03741e-01
1.22098e+03 6.88521e-01
1.22105e+03 6.74452e-01
1.22113e+03 6.61484e-01
1.22120e+03 6.49558e-01
1.22127e+03 6.38603e-01
1.22135e+03 6.28568e-01
1.22142e+03 6.19401e-01
1.22149e+03 6.11041e-01
1.22157e+03 6.03440e-01
1.22164e+03 5.96551e-01
1.22171e+03 5.90320e-01
1.22178e+03 5.84706e-01
1.22186e+03 5.79666e-01
1.22193e+03 5.75155e-01
1.22200e+03 5.71135e-01
1.22208e+03 5.67572e-01
1.22215e+03 5.64430e-01
1.22222e+03 5.61674e-01
1.22229e+03 5.59273e-01
1.22237e+03 5.57201e-01
1.22244e+03 5.55427e-01
1.22251e+03 5.53928e-01
1.22259e+03 5.52679e-01
1.22266e+03 5.51659e-01
1.22273e+03 5.50848e-01
1.22281e+03 5.50226e-01
1.22288e+03 5.49775e-01
1.22295e+03 5.49481e-01
1.22302e+03 5.49328e-01
1.22310e+03 5.49302e-01
1.22317e+03 5.49391e-01
1.22324e+03 5.55984e-01
1.22500e+03 5.94067e-01
1.23500e+03 6.59905e-01
1.24500e+03 7.31548e-01
1.25500e+03 7.62475e-01
1.26500e+03 7.52479e-01
1.27500e+03 8.74705e-01
1.28500e+03 9.46331e-01
1.29500e+03 9.24582e-01
1.30500e+03 8.90693e-01
1.31500e+03 9.83443e-01
1.32500e+03 1.01464e+00
1.33500e+03 9.98731e-01
1.34500e+03 1.07207e+00
1.35500e+03 1.06713e+00
1.36500e+03 1.03812e+00
1.37500e+03 1.07441e+00
1.38500e+03 1.08529e+00
1.39500e+03 1.08054e+00
1.40500e+03 1.07657e+00
1.41500e+03 1.08102e+00
1.42500e+03 1.10335e+00
1.43500e+03 1.08976e+00
1.44200e+03 1.12531e+00
1.44700e+03 1.16652e+00
1.45500e+03 1.15470e+00
1.46500e+03 1.11793e+00
1.47500e+03 1.10691e+00
1.48500e+03 1.13444e+00
1.49500e+03 1.16138e+00
1.50500e+03 1.16004e+00
1.51200e+03 1.12553e+00
1.51700e+03 1.14335e+00
1.52500e+03 1.10319e+00
1.53500e+03 1.07219e+00
1.54500e+03 1.13226e+00
1.55500e+03 1.10427e+00
1.56500e+03 1.09232e+00
1.57500e+03 1.13774e+00
1.58500e+03 1.18447e+00
1.59500e+03 1.21709e+00
1.60500e+03 1.19740e+00
1.61500e+03 1.18536e+00
1.62500e+03 1.15488e+00
1.63500e+03 1.17668e+00
1.64500e+03 1.18724e+00
1.65500e+03 1.15564e+00
1.66500e+03 1.20124e+00
1.67200e+03 1.12558e+00
1.67700e+03 1.24049e+00
1.68500e+03 1.28460e+00
1.69500e+03 1.24376e+00
1.70500e+03 1.21770e+00
1.71500e+03 1.21087e+00
1.72500e+03 1.21307e+00
1.73500e+03 1.24228e+00
1.74500e+03 1.24470e+00
1.75500e+03 1.27383e+00
1.76500e+03 1.21697e+00
1.77500e+03 1.24967e+00
1.78500e+03 1.25920e+00
1.79500e+03 1.30290e+00
1.80500e+03 1.28433e+00
1.81500e+03 1.26773e+00
1.82500e+03 1.24562e+00
1.83500e+03 1.21440e+00
1.84500e+03 1.17543e+00
1.85500e+03 1.19122e+00
1.86500e+03 1.20643e+00
1.87500e+03 1.21457e+00
1.88500e+03 1.19944e+00
1.89500e+03 1.19107e+00
1.90500e+03 1.17359e+00
1.91500e+03 1.17553e+00
1.92500e+03 1.16363e+00
1.93500e+03 1.13926e+00
1.94500e+03 1.16699e+00
1.95500e+03 1.16188e+00
1.96700e+03 1.17720e+00
1.97600e+03 1.17269e+00
1.98400e+03 1.15127e+00
1.99500e+03 1.12733e+00
2.00500e+03 1.11237e+00
2.01500e+03 1.09371e+00
2.02500e+03 1.08742e+00
2.03500e+03 1.09564e+00
2.04500e+03 1.09754e+00
2.05500e+03 1.02102e+00
2.06500e+03 1.02583e+00
2.07400e+03 1.08654e+00
2.07800e+03 1.11198e+00
2.08500e+03 1.10300e+00
2.09500e+03 1.07790e+00
2.10500e+03 1.05300e+00
2.11500e+03 1.04922e+00
2.12500e+03 1.04285e+00
2.13500e+03 9.95421e-01
2.14500e+03 1.01661e+00
2.15500e+03 1.01994e+00
2.16500e+03 9.92511e-01
2.17500e+03 9.82474e-01
2.18500e+03 9.83352e-01
2.19500e+03 1.00013e+00
2.20500e+03 9.79374e-01
2.21500e+03 9.42069e-01
2.22500e+03 9.35859e-01
2.23500e+03 9.62385e-01
2.24500e+03 9.36780e-01
2.25500e+03 9.17936e-01
2.26500e+03 9.29268e-01
2.27500e+03 9.52789e-01
2.28500e+03 9.70152e-01
2.29500e+03 9.54261e-01
2.30500e+03 9.52869e-01
2.31500e+03 9.38296e-01
2.32500e+03 8.78696e-01
2.33500e+03 9.09856e-01
2.34500e+03 9.04113e-01
2.35500e+03 9.44064e-01
2.36500e+03 9.14945e-01
2.37500e+03 9.23313e-01
2.38500e+03 8.86254e-01
2.39500e+03 9.10516e-01
2.40500e+03 9.07267e-01
2.41500e+03 9.19966e-01
2.42500e+03 9.51527e-01
2.43500e+03 9.49752e-01
2.44500e+03 9.69288e-01
2.45500e+03 9.66038e-01
2.46500e+03 9.61654e-01
2.47500e+03 9.47305e-01
2.48500e+03 9.50304e-01
2.49500e+03 9.43071e-01
2.50500e+03 9.73166e-01
2.51300e+03 9.17954e-01
2.51800e+03 9.13711e-01
2.52500e+03 8.97842e-01
2.53500e+03 8.93169e-01
2.54500e+03 8.93987e-01
2.55500e+03 9.14449e-01
2.56500e+03 9.09587e-01
2.57500e+03 9.28232e-01
2.58500e+03 9.28931e-01
2.59500e+03 9.18784e-01
2.60500e+03 9.04057e-01
2.61500e+03 8.99655e-01
2.62500e+03 9.27845e-01
2.63500e+03 9.49870e-01
2.64500e+03 9.96212e-01
2.65500e+03 1.00572e+00
2.66500e+03 9.72378e-01
2.67500e+03 9.87190e-01
2.68500e+03 9.90706e-01
2.69500e+03 9.74214e-01
2.70500e+03 9.81915e-01
2.71500e+03 9.59145e-01
2.72500e+03 9.56605e-01
2.73500e+03 9.63104e-01
2.74500e+03 9.12516e-01
2.75500e+03 9.15769e-01
2.76500e+03 9.33677e-01
2.77500e+03 9.50480e-01
2.78500e+03 9.06762e-01
2.79500e+03 8.07273e-01
2.80500e+03 8.28360e-01
2.81500e+03 9.28429e-01
2.82500e+03 9.60969e-01
2.83500e+03 9.48901e-01
2.84500e+03 9.28189e-01
2.85500e+03 9.10897e-01
2.86500e+03 9.36911e-01
2.87500e+03 9.35849e-01
2.88500e+03 9.31344e-01
2.89500e+03 9.28935e-01
2.91000e+03 9.54691e-01
2.93000e+03 9.38907e-01
2.95000e+03 9.28762e-01
2.97000e+03 9.31015e-01
2.99000e+03 9.32550e-01
3.01000e+03 9.34417e-01
3.03000e+03 9.29867e-01
3.05000e+03 9.30011e-01
3.07000e+03 9.33401e-01
3.09000e+03 9.38000e-01
3.11000e+03 9.31972e-01
3.13000e+03 9.19185e-01
3.15000e+03 9.10436e-01
3.17000e+03 8.97946e-01
3.19000e+03 8.79365e-01
3.21000e+03 8.90335e-01
3.23000e+03 8.90698e-01
3.25000e+03 9.11762e-01
3.27000e+03 9.24021e-01
3.29000e+03 9.22244e-01
3.31000e+03 9.19449e-01
3.33000e+03 9.15816e-01
3.35000e+03 9.12375e-01
3.37000e+03 9.05420e-01
3.39000e+03 9.11748e-01
3.41000e+03 9.15640e-01
3.43000e+03 9.12508e-01
3.45000e+03 9.09195e-01
3.47000e+03 9.06078e-01
3.49000e+03 9.08330e-01
3.51000e+03 9.09587e-01
3.53000e+03 9.00123e-01
3.55000e+03 9.00284e-01
3.57000e+03 8.73119e-01
3.59000e+03 8.67059e-01
3.61000e+03 8.75563e-01
3.63000e+03 8.78667e-01
3.64000e+03 8.82934e-01
3.65000e+03 9.05112e-01
3.67000e+03 8.96272e-01
3.69000e+03 8.75981e-01
3.70466e+03 8.94015e-01
3.70488e+03 9.03683e-01
3.70511e+03 9.04215e-01
3.70533e+03 9.04745e-01
3.70555e+03 9.05274e-01
3.70578e+03 9.05810e-01
3.70600e+03 9.06338e-01
3.70622e+03 9.06868e-01
3.70645e+03 9.07401e-01
3.70667e+03 9.07931e-01
3.70689e+03 9.08460e-01
3.70712e+03 9.08993e-01
3.70734e+03 9.09523e-01
3.70756e+03 9.10054e-01
3.70779e+03 9.10586e-01
3.70801e+03 9.11115e-01
3.70824e+03 9.11648e-01
3.70846e+03 9.12179e-01
3.70868e+03 9.12709e-01
3.70891e+03 9.13243e-01
3.70913e+03 9.13775e-01
3.70935e+03 9.14308e-01
3.70958e+03 9.14843e-01
3.70980e+03 9.15361e-01
3.71000e+03 9.15743e-01
3.71002e+03 9.15807e-01
3.71025e+03 9.15673e-01
3.71047e+03 9.15511e-01
3.71070e+03 9.15355e-01
3.71092e+03 9.15200e-01
3.71114e+03 9.15053e-01
3.71137e+03 9.14918e-01
3.71159e+03 9.14786e-01
3.71181e+03 9.14668e-01
3.71204e+03 9.14570e-01
3.71226e+03 9.14489e-01
3.71248e+03 9.14432e-01
3.71271e+03 9.14411e-01
3.71293e+03 9.14424e-01
3.71316e+03 9.14488e-01
3.71338e+03 9.14611e-01
3.71360e+03 9.14803e-01
3.71383e+03 9.15090e-01
3.71405e+03 9.15480e-01
3.71427e+03 9.16000e-01
3.71450e+03 9.16683e-01
3.71472e+03 9.17561e-01
3.71494e+03 9.18685e-01
3.71517e+03 9.20081e-01
3.71539e+03 9.21794e-01
3.71562e+03 9.23890e-01
3.71584e+03 9.26425e-01
3.71606e+03 9.29478e-01
3.71629e+03 9.33140e-01
3.71651e+03 9.37504e-01
3.71673e+03 9.42675e-01
3.71696e+03 9.48783e-01
3.71718e+03 9.55951e-01
3.71740e+03 9.64330e-01
3.71763e+03 9.74087e-01
3.71785e+03 9.85388e-01
3.71808e+03 9.98426e-01
3.71830e+03 1.01340e+00
3.71852e+03 1.03051e+00
3.71875e+03 1.05001e+00
3.71897e+03 1.07212e+00
3.71919e+03 1.09708e+00
3.71942e+03 1.12511e+00
3.71964e+03 1.15650e+00
3.71986e+03 1.19148e+00
3.72009e+03 1.23027e+00
3.72031e+03 1.27308e+00
3.72053e+03 1.32018e+00
3.72076e+03 1.37175e+00
3.72098e+03 1.42793e+00
3.72121e+03 1.48888e+00
3.72143e+03 1.55467e+00
3.72165e+03 1.62538e+00
3.72188e+03 1.70097e+00
3.72210e+03 1.78140e+00
3.72232e+03 1.86657e+00
3.72255e+03 1.95629e+00
3.72277e+03 2.05027e+00
3.72299e+03 2.14826e+00
3.72322e+03 2.24985e+00
3.72344e+03 2.35455e+00
3.72367e+03 2.46183e+00
3.72389e+03 2.57107e+00
3.72411e+03 2.68161e+00
3.72434e+03 2.79273e+00
3.72456e+03 2.90358e+00
3.72478e+03 3.01335e+00
3.72501e+03 3.12123e+00
3.72523e+03 3.22632e+00
3.72545e+03 3.32768e+00
3.72568e+03 3.42440e+00
3.72590e+03 3.51560e+00
3.72613e+03 3.60040e+00
3.72635e+03 3.67797e+00
3.72657e+03 3.74753e+00
3.72680e+03 3.80841e+00
3.72702e+03 3.85992e+00
3.72724e+03 3.90158e+00
3.72747e+03 3.93293e+00
3.72769e+03 3.95360e+00
3.72791e+03 3.96340e+00
3.72814e+03 3.96222e+00
3.72836e+03 3.95006e+00
3.72859e+03 3.92709e+00
3.72881e+03 3.89348e+00
3.72903e+03 3.84964e+00
3.72926e+03 3.79605e+00
3.72948e+03 3.73324e+00
3.72970e+03 3.66182e+00
3.72993e+03 3.59679e+00
3.73000e+03 3.54781e+00
3.73015e+03 3.49005e+00
3.73037e+03 3.40606e+00
3.73060e+03 3.30955e+00
3.73082e+03 3.20859e+00
3.73105e+03 3.10408e+00
3.73127e+03 2.99689e+00
3.73149e+03 2.88795e+00
3.73172e+03 2.77814e+00
3.73194e+03 2.66823e+00
3.73216e+03 2.55904e+00
3.73239e+03 2.45128e+00
3.73261e+03 2.34560e+00
3.73283e+03 2.24260e+00
3.73306e+03 2.14283e+00
3.73328e+03 2.04673e+00
3.73351e+03 1.95470e+00
3.73373e+03 1.86703e+00
3.73395e+03 1.78392e+00
3.73418e+03 1.70556e+00
3.73440e+03 1.63204e+00
3.73462e+03 1.56341e+00
3.73485e+03 1.49970e+00
3.73507e+03 1.44082e+00
3.73529e+03 1.38667e+00
3.73552e+03 1.33712e+00
3.73574e+03 1.29197e+00
3.73596e+03 1.25107e+00
3.73619e+03 1.21417e+00
3.73641e+03 1.18106e+00
3.73664e+03 1.15146e+00
3.73686e+03 1.12519e+00
3.73708e+03 1.10195e+00
3.73731e+03 1.08152e+00
3.73753e+03 1.06365e+00
3.73775e+03 1.04811e+00
3.73798e+03 1.03468e+00
3.73820e+03 1.02315e+00
3.73842e+03 1.01332e+00
3.73865e+03 1.00500e+00
3.73887e+03 9.98013e-01
3.73910e+03 9.92218e-01
3.73932e+03 9.87455e-01
3.73954e+03 9.83601e-01
3.73977e+03 9.80542e-01
3.73999e+03 9.78160e-01
3.74021e+03 9.76366e-01
3.74044e+03 9.75081e-01
3.74066e+03 9.74224e-01
3.74088e+03 9.73731e-01
3.74111e+03 9.73555e-01
3.74133e+03 9.73636e-01
3.74156e+03 9.73939e-01
3.74178e+03 9.74421e-01
3.74200e+03 9.75055e-01
3.74223e+03 9.75821e-01
3.74245e+03 9.76688e-01
3.74267e+03 9.77636e-01
3.74290e+03 9.78660e-01
3.74312e+03 9.79736e-01
3.74334e+03 9.80860e-01
3.74357e+03 9.82025e-01
3.74379e+03 9.83216e-01
3.74402e+03 9.84437e-01
3.74424e+03 9.85670e-01
3.74446e+03 9.86917e-01
3.74469e+03 9.88184e-01
3.74491e+03 9.89455e-01
3.74513e+03 9.90734e-01
3.74536e+03 9.92022e-01
3.74558e+03 9.93310e-01
3.74580e+03 9.94601e-01
3.74603e+03 9.95902e-01
3.74625e+03 9.97197e-01
3.74648e+03 9.98501e-01
3.74670e+03 9.99801e-01
3.74692e+03 1.00110e+00
3.74715e+03 1.00241e+00
3.74737e+03 1.00371e+00
3.74759e+03 1.00501e+00
3.74782e+03 1.00632e+00
3.74804e+03 1.00762e+00
3.74826e+03 1.00892e+00
3.74849e+03 1.01023e+00
3.74871e+03 1.01153e+00
3.74893e+03 1.01284e+00
3.74916e+03 1.01505e+00
3.75000e+03 1.03072e+00
3.77000e+03 1.07613e+00
3.79000e+03 1.18632e+00
3.81000e+03 1.25528e+00
3.83000e+03 1.14937e+00
3.85000e+03 1.33251e+00
3.87000e+03 1.38967e+00
3.89000e+03 1.16119e+00
3.91000e+03 1.40237e+00
3.93000e+03 1.34786e+00
3.95000e+03 1.35785e+00
3.97000e+03 1.09235e+00
3.99000e+03 1.39996e+00
4.01000e+03 1.52426e+00
4.03000e+03 1.52038e+00
4.05000e+03 1.50462e+00
4.07000e+03 1.46277e+00
4.07820e+03 1.40978e+00
4.07845e+03 1.39319e+00
4.07870e+03 1.39122e+00
4.07894e+03 1.38927e+00
4.07919e+03 1.38730e+00
4.07943e+03 1.38532e+00
4.07968e+03 1.38336e+00
4.07993e+03 1.38140e+00
4.08017e+03 1.37943e+00
4.08042e+03 1.37746e+00
4.08066e+03 1.37550e+00
4.08091e+03 1.37354e+00
4.08116e+03 1.37157e+00
4.08140e+03 1.36961e+00
4.08165e+03 1.36765e+00
4.08190e+03 1.36567e+00
4.08214e+03 1.36373e+00
4.08239e+03 1.36177e+00
4.08263e+03 1.35980e+00
4.08288e+03 1.35784e+00
4.08313e+03 1.35588e+00
4.08337e+03 1.35393e+00
4.08362e+03 1.35196e+00
4.08386e+03 1.35001e+00
4.08411e+03 1.34805e+00
4.08436e+03 1.34610e+00
4.08460e+03 1.34417e+00
4.08485e+03 1.34219e+00
4.08510e+03 1.34026e+00
4.08534e+03 1.33831e+00
4.08559e+03 1.33638e+00
4.08583e+03 1.33444e+00
4.08608e+03 1.33251e+00
4.08633e+03 1.33060e+00
4.08657e+03 1.32869e+00
4.08682e+03 1.32678e+00
4.08706e+03 1.32490e+00
4.08731e+03 1.32304e+00
4.08756e+03 1.32120e+00
4.08780e+03 1.31937e+00
4.08805e+03 1.31758e+00
4.08830e+03 1.31582e+00
4.08854e+03 1.31409e+00
4.08879e+03 1.31242e+00
4.08903e+03 1.31082e+00
4.08928e+03 1.30928e+00
4.08953e+03 1.30782e+00
4.08977e+03 1.30649e+00
4.09000e+03 1.30551e+00
4.09002e+03 1.30487e+00
4.09026e+03 1.30369e+00
4.09051e+03 1.30235e+00
4.09076e+03 1.30117e+00
4.09100e+03 1.30018e+00
4.09125e+03 1.29942e+00
4.09150e+03 1.29890e+00
4.09174e+03 1.29865e+00
4.09199e+03 1.29871e+00
4.09223e+03 1.29911e+00
4.09248e+03 1.29989e+00
4.09273e+03 1.30110e+00
4.09297e+03 1.30276e+00
4.09322e+03 1.30492e+00
4.09347e+03 1.30760e+00
4.09371e+03 1.31088e+00
4.09396e+03 1.31479e+00
4.09420e+03 1.31935e+00
4.09445e+03 1.32460e+00
4.09470e+03 1.33059e+00
4.09494e+03 1.33735e+00
4.09519e+03 1.34490e+00
4.09543e+03 1.35326e+00
4.09568e+03 1.36240e+00
4.09593e+03 1.37240e+00
4.09617e+03 1.38321e+00
4.09642e+03 1.39482e+00
4.09667e+03 1.40721e+00
4.09691e+03 1.42036e+00
4.09716e+03 1.43420e+00
4.09740e+03 1.44868e+00
4.09765e+03 1.46373e+00
4.09790e+03 1.47925e+00
4.09814e+03 1.49515e+00
4.09839e+03 1.51136e+00
4.09863e+03 1.52770e+00
4.09888e+03 1.54409e+00
4.09913e+03 1.56038e+00
4.09937e+03 1.57640e+00
4.09962e+03 1.59202e+00
4.09987e+03 1.60711e+00
4.10011e+03 1.62149e+00
4.10036e+03 1.63503e+00
4.10060e+03 1.64757e+00
4.10085e+03 1.65898e+00
4.10110e+03 1.66909e+00
4.10134e+03 1.67782e+00
4.10159e+03 1.68501e+00
4.10183e+03 1.69060e+00
4.10208e+03 1.69449e+00
4.10233e+03 1.69662e+00
4.10257e+03 1.69694e+00
4.10282e+03 1.69543e+00
4.10307e+03 1.69207e+00
4.10331e+03 1.68689e+00
4.10356e+03 1.67990e+00
4.10380e+03 1.67113e+00
4.10405e+03 1.66068e+00
4.10430e+03 1.64865e+00
4.10454e+03 1.63510e+00
4.10479e+03 1.62019e+00
4.10503e+03 1.60403e+00
4.10528e+03 1.58672e+00
4.10553e+03 1.56846e+00
4.10577e+03 1.54936e+00
4.10602e+03 1.52961e+00
4.10627e+03 1.50933e+00
4.10651e+03 1.48869e+00
4.10676e+03 1.46780e+00
4.10700e+03 1.44682e+00
4.10725e+03 1.42592e+00
4.10750e+03 1.40521e+00
4.10774e+03 1.38478e+00
4.10799e+03 1.36477e+00
4.10823e+03 1.34524e+00
4.10848e+03 1.32628e+00
4.10873e+03 1.30794e+00
4.10897e+03 1.29037e+00
4.10922e+03 1.27351e+00
4.10947e+03 1.25745e+00
4.10971e+03 1.24221e+00
4.10996e+03 1.23063e+00
4.11000e+03 1.22420e+00
4.11020e+03 1.21896e+00
4.11045e+03 1.21259e+00
4.11070e+03 1.20676e+00
4.11094e+03 1.20169e+00
4.11119e+03 1.19737e+00
4.11144e+03 1.19380e+00
4.11168e+03 1.19091e+00
4.11193e+03 1.18867e+00
4.11217e+03 1.18704e+00
4.11242e+03 1.18598e+00
4.11267e+03 1.18546e+00
4.11291e+03 1.18543e+00
4.11316e+03 1.18586e+00
4.11340e+03 1.18667e+00
4.11365e+03 1.18788e+00
4.11390e+03 1.18940e+00
4.11414e+03 1.19123e+00
4.11439e+03 1.19332e+00
4.11464e+03 1.19565e+00
4.11488e+03 1.19819e+00
4.11513e+03 1.20091e+00
4.11537e+03 1.20381e+00
4.11562e+03 1.20682e+00
4.11587e+03 1.20998e+00
4.11611e+03 1.21325e+00
4.11636e+03 1.21659e+00
4.11660e+03 1.22000e+00
4.11685e+03 1.22349e+00
4.11710e+03 1.22704e+00
4.11734e+03 1.23062e+00
4.11759e+03 1.23426e+00
4.11784e+03 1.23791e+00
4.11808e+03 1.24160e+00
4.11833e+03 1.24532e+00
4.11857e+03 1.24905e+00
4.11882e+03 1.25279e+00
4.11907e+03 1.25655e+00
4.11931e+03 1.26031e+00
4.11956e+03 1.26409e+00
4.11981e+03 1.26784e+00
4.12005e+03 1.27161e+00
4.12030e+03 1.27538e+00
4.12054e+03 1.27914e+00
4.12079e+03 1.28291e+00
4.12104e+03 1.28667e+00
4.12128e+03 1.29044e+00
4.12153e+03 1.29422e+00
4.12177e+03 1.29797e+00
4.12202e+03 1.30176e+00
4.12227e+03 1.30552e+00
4.12251e+03 1.30929e+00
4.12276e+03 1.31306e+00
4.12301e+03 1.31683e+00
4.12325e+03 1.32061e+00
4.12350e+03 1.32436e+00
4.12374e+03 1.32812e+00
4.12399e+03 1.33189e+00
4.12424e+03 1.33565e+00
4.12448e+03 1.33941e+00
4.12473e+03 1.34318e+00
4.12497e+03 1.34693e+00
4.12522e+03 1.35068e+00
4.12547e+03 1.35443e+00
4.12571e+03 1.35819e+00
4.12596e+03 1.36195e+00
4.12621e+03 1.36570e+00
4.12645e+03 1.36944e+00
4.12670e+03 1.37320e+00
4.12694e+03 1.37695e+00
4.12719e+03 1.39102e+00
4.13000e+03 1.43394e+00
4.15000e+03 1.45380e+00
4.17000e+03 1.45158e+00
4.19000e+03 1.43828e+00
4.21000e+03 1.43233e+00
4.23000e+03 1.41620e+00
4.25000e+03 1.40795e+00
4.27000e+03 1.38103e+00
4.29000e+03 1.35448e+00
4.31000e+03 1.29046e+00
4.31565e+03 1.25025e+00
4.31591e+03 1.24058e+00
4.31617e+03 1.23883e+00
4.31643e+03 1.23709e+00
4.31669e+03 1.23533e+00
4.31695e+03 1.23359e+00
4.31721e+03 1.23183e+00
4.31747e+03 1.23009e+00
4.31773e+03 1.22834e+00
4.31799e+03 1.22659e+00
4.31825e+03 1.22486e+00
4.31852e+03 1.22310e+00
4.31878e+03 1.22136e+00
4.31904e+03 1.21961e+00
4.31930e+03 1.21787e+00
4.31956e+03 1.21613e+00
4.31982e+03 1.21439e+00
4.32008e+03 1.21266e+00
4.32034e+03 1.21092e+00
4.32060e+03 1.20917e+00
4.32086e+03 1.20743e+00
4.32112e+03 1.20569e+00
4.32138e+03 1.20396e+00
4.32164e+03 1.20224e+00
4.32190e+03 1.20050e+00
4.32216e+03 1.19877e+00
4.32242e+03 1.19704e+00
4.32268e+03 1.19532e+00
4.32294e+03 1.19361e+00
4.32320e+03 1.19190e+00
4.32346e+03 1.19019e+00
4.32373e+03 1.18851e+00
4.32399e+03 1.18683e+00
4.32425e+03 1.18516e+00
4.32451e+03 1.18350e+00
4.32477e+03 1.18187e+00
4.32503e+03 1.18028e+00
4.32529e+03 1.17868e+00
4.32555e+03 1.17716e+00
4.32581e+03 1.17565e+00
4.32607e+03 1.17422e+00
4.32633e+03 1.17284e+00
4.32659e+03 1.17153e+00
4.32685e+03 1.17033e+00
4.32711e+03 1.16922e+00
4.32737e+03 1.16823e+00
4.32763e+03 1.16740e+00
4.32789e+03 1.16674e+00
4.32815e+03 1.16628e+00
4.32841e+03 1.16604e+00
4.32867e+03 1.16608e+00
4.32894e+03 1.16639e+00
4.32920e+03 1.16709e+00
4.32946e+03 1.16815e+00
4.32972e+03 1.16968e+00
4.32998e+03 1.17111e+00
4.33000e+03 1.17249e+00
4.33024e+03 1.17463e+00
4.33050e+03 1.17809e+00
4.33076e+03 1.18232e+00
4.33102e+03 1.18728e+00
4.33128e+03 1.19310e+00
4.33154e+03 1.19979e+00
4.33180e+03 1.20749e+00
4.33206e+03 1.21622e+00
4.33232e+03 1.22608e+00
4.33258e+03 1.23717e+00
4.33284e+03 1.24949e+00
4.33310e+03 1.26315e+00
4.33336e+03 1.27818e+00
4.33362e+03 1.29467e+00
4.33388e+03 1.31260e+00
4.33415e+03 1.33201e+00
4.33441e+03 1.35293e+00
4.33467e+03 1.37532e+00
4.33493e+03 1.39917e+00
4.33519e+03 1.42444e+00
4.33545e+03 1.45107e+00
4.33571e+03 1.47894e+00
4.33597e+03 1.50797e+00
4.33623e+03 1.53804e+00
4.33649e+03 1.56897e+00
4.33675e+03 1.60060e+00
4.33701e+03 1.63273e+00
4.33727e+03 1.66513e+00
4.33753e+03 1.69761e+00
4.33779e+03 1.72987e+00
4.33805e+03 1.76170e+00
4.33831e+03 1.79281e+00
4.33857e+03 1.82291e+00
4.33883e+03 1.85174e+00
4.33909e+03 1.87904e+00
4.33935e+03 1.90452e+00
4.33962e+03 1.92790e+00
4.33988e+03 1.94899e+00
4.34014e+03 1.96752e+00
4.34040e+03 1.98332e+00
4.34066e+03 1.99616e+00
4.34092e+03 2.00596e+00
4.34118e+03 2.01255e+00
4.34144e+03 2.01587e+00
4.34170e+03 2.01584e+00
4.34196e+03 2.01248e+00
4.34222e+03 2.00579e+00
4.34248e+03 1.99584e+00
4.34274e+03 1.98272e+00
4.34300e+03 1.96655e+00
4.34326e+03 1.94748e+00
4.34352e+03 1.92570e+00
4.34378e+03 1.90144e+00
4.34404e+03 1.87489e+00
4.34430e+03 1.84632e+00
4.34457e+03 1.81597e+00
4.34483e+03 1.78414e+00
4.34509e+03 1.75109e+00
4.34535e+03 1.71711e+00
4.34561e+03 1.68244e+00
4.34587e+03 1.64738e+00
4.34613e+03 1.61220e+00
4.34639e+03 1.57710e+00
4.34665e+03 1.54232e+00
4.34691e+03 1.50810e+00
4.34717e+03 1.47459e+00
4.34743e+03 1.44199e+00
4.34769e+03 1.41046e+00
4.34795e+03 1.38009e+00
4.34821e+03 1.35101e+00
4.34847e+03 1.32327e+00
4.34873e+03 1.29699e+00
4.34899e+03 1.27215e+00
4.34925e+03 1.24881e+00
4.34951e+03 1.22695e+00
4.34978e+03 1.20725e+00
4.35000e+03 1.19351e+00
4.35004e+03 1.18552e+00
4.35030e+03 1.17577e+00
4.35056e+03 1.16457e+00
4.35082e+03 1.15465e+00
4.35108e+03 1.14600e+00
4.35134e+03 1.13853e+00
4.35160e+03 1.13218e+00
4.35186e+03 1.12687e+00
4.35212e+03 1.12251e+00
4.35238e+03 1.11904e+00
4.35264e+03 1.11639e+00
4.35290e+03 1.11448e+00
4.35316e+03 1.11323e+00
4.35342e+03 1.11263e+00
4.35368e+03 1.11254e+00
4.35394e+03 1.11294e+00
4.35420e+03 1.11375e+00
4.35446e+03 1.11497e+00
4.35472e+03 1.11652e+00
4.35499e+03 1.11836e+00
4.35525e+03 1.12046e+00
4.35551e+03 1.12277e+00
4.35577e+03 1.12528e+00
4.35603e+03 1.12796e+00
4.35629e+03 1.13077e+00
4.35655e+03 1.13370e+00
4.35681e+03 1.13673e+00
4.35707e+03 1.13984e+00
4.35733e+03 1.14304e+00
4.35759e+03 1.14628e+00
4.35785e+03 1.14959e+00
4.35811e+03 1.15294e+00
4.35837e+03 1.15631e+00
4.35863e+03 1.15970e+00
4.35889e+03 1.16312e+00
4.35915e+03 1.16657e+00
4.35941e+03 1.17004e+00
4.35967e+03 1.17348e+00
4.35993e+03 1.17696e+00
4.36020e+03 1.18044e+00
4.36046e+03 1.18393e+00
4.36072e+03 1.18743e+00
4.36098e+03 1.19092e+00
4.36124e+03 1.19441e+00
4.36150e+03 1.19791e+00
4.36176e+03 1.20142e+00
4.36202e+03 1.20490e+00
4.36228e+03 1.20841e+00
4.36254e+03 1.21191e+00
4.36280e+03 1.21541e+00
4.36306e+03 1.21890e+00
4.36332e+03 1.22239e+00
4.36358e+03 1.22590e+00
4.36384e+03 1.22939e+00
4.36410e+03 1.23287e+00
4.36436e+03 1.23637e+00
4.36462e+03 1.23986e+00
4.36488e+03 1.24334e+00
4.36515e+03 1.24683e+00
4.36541e+03 1.25032e+00
4.36567e+03 1.25380e+00
4.36593e+03 1.25729e+00
4.36619e+03 1.26078e+00
4.36645e+03 1.26426e+00
4.36671e+03 1.26774e+00
4.36697e+03 1.27122e+00
4.36723e+03 1.27470e+00
4.36749e+03 1.28617e+00
4.37000e+03 1.31255e+00
4.39000e+03 1.30558e+00
4.41000e+03 1.31200e+00
4.43000e+03 1.31804e+00
4.45000e+03 1.32213e+00
4.47000e+03 1.32053e+00
4.49000e+03 1.32415e+00
4.51000e+03 1.34038e+00
4.53000e+03 1.30877e+00
4.55000e+03 1.29893e+00
4.57000e+03 1.31219e+00
4.59000e+03 1.29215e+00
4.61000e+03 1.28839e+00
4.63000e+03 1.26812e+00
4.65000e+03 1.26354e+00
4.67000e+03 1.25688e+00
4.69000e+03 1.23171e+00
4.71000e+03 1.21521e+00
4.73000e+03 1.23110e+00
4.75000e+03 1.23556e+00
4.77000e+03 1.22879e+00
4.79000e+03 1.22125e+00
4.81000e+03 1.21093e+00
4.83000e+03 1.20031e+00
4.83484e+03 1.17433e+00
4.83513e+03 1.16460e+00
4.83542e+03 1.16259e+00
4.83571e+03 1.16061e+00
4.83600e+03 1.15862e+00
4.83629e+03 1.15663e+00
4.83659e+03 1.15463e+00
4.83688e+03 1.15262e+00
4.83717e+03 1.15064e+00
4.83746e+03 1.14865e+00
4.83775e+03 1.14667e+00
4.83805e+03 1.14467e+00
4.83834e+03 1.14268e+00
4.83863e+03 1.14071e+00
4.83892e+03 1.13873e+00
4.83921e+03 1.13675e+00
4.83950e+03 1.13479e+00
4.83980e+03 1.13285e+00
4.84009e+03 1.13089e+00
4.84038e+03 1.12897e+00
4.84067e+03 1.12705e+00
4.84096e+03 1.12514e+00
4.84126e+03 1.12327e+00
4.84155e+03 1.12143e+00
4.84184e+03 1.11962e+00
4.84213e+03 1.11786e+00
4.84242e+03 1.11616e+00
4.84272e+03 1.11453e+00
4.84301e+03 1.11299e+00
4.84330e+03 1.11155e+00
4.84359e+03 1.11024e+00
4.84388e+03 1.10905e+00
4.84417e+03 1.10807e+00
4.84447e+03 1.10728e+00
4.84476e+03 1.10674e+00
4.84505e+03 1.10651e+00
4.84534e+03 1.10661e+00
4.84563e+03 1.10709e+00
4.84593e+03 1.10806e+00
4.84622e+03 1.10956e+00
4.84651e+03 1.11165e+00
4.84680e+03 1.11449e+00
4.84709e+03 1.11809e+00
4.84738e+03 1.12265e+00
4.84768e+03 1.12822e+00
4.84797e+03 1.13495e+00
4.84826e+03 1.14298e+00
4.84855e+03 1.15242e+00
4.84884e+03 1.16349e+00
4.84914e+03 1.17631e+00
4.84943e+03 1.19103e+00
4.84972e+03 1.20767e+00
4.85000e+03 1.22147e+00
4.85001e+03 1.23188e+00
4.85030e+03 1.24874e+00
4.85059e+03 1.27311e+00
4.85089e+03 1.30028e+00
4.85118e+03 1.33034e+00
4.85147e+03 1.36343e+00
4.85176e+03 1.39969e+00
4.85205e+03 1.43924e+00
4.85235e+03 1.48209e+00
4.85264e+03 1.52836e+00
4.85293e+03 1.57799e+00
4.85322e+03 1.63099e+00
4.85351e+03 1.68729e+00
4.85381e+03 1.74684e+00
4.85410e+03 1.80937e+00
4.85439e+03 1.87468e+00
4.85468e+03 1.94261e+00
4.85497e+03 2.01279e+00
4.85526e+03 2.08482e+00
4.85556e+03 2.15840e+00
4.85585e+03 2.23301e+00
4.85614e+03 2.30812e+00
4.85643e+03 2.38326e+00
4.85672e+03 2.45785e+00
4.85702e+03 2.53126e+00
4.85731e+03 2.60290e+00
4.85760e+03 2.67218e+00
4.85789e+03 2.73841e+00
4.85818e+03 2.80096e+00
4.85847e+03 2.85926e+00
4.85877e+03 2.91273e+00
4.85906e+03 2.96078e+00
4.85935e+03 3.00297e+00
4.85964e+03 3.03880e+00
4.85993e+03 3.06791e+00
4.86023e+03 3.08995e+00
4.86052e+03 3.10470e+00
4.86081e+03 3.11194e+00
4.86110e+03 3.11160e+00
4.86139e+03 3.10365e+00
4.86168e+03 3.08818e+00
4.86198e+03 3.06534e+00
4.86227e+03 3.03529e+00
4.86256e+03 2.99840e+00
4.86285e+03 2.95505e+00
4.86314e+03 2.90561e+00
4.86344e+03 2.85062e+00
4.86373e+03 2.79061e+00
4.86402e+03 2.72608e+00
4.86431e+03 2.65770e+00
4.86460e+03 2.58610e+00
4.86490e+03 2.51184e+00
4.86519e+03 2.43558e+00
4.86548e+03 2.35799e+00
4.86577e+03 2.27957e+00
4.86606e+03 2.20093e+00
4.86635e+03 2.12268e+00
4.86665e+03 2.04535e+00
4.86694e+03 1.96929e+00
4.86723e+03 1.89500e+00
4.86752e+03 1.82288e+00
4.86781e+03 1.75319e+00
4.86811e+03 1.68625e+00
4.86840e+03 1.62228e+00
4.86869e+03 1.56143e+00
4.86898e+03 1.50383e+00
4.86927e+03 1.44961e+00
4.86956e+03 1.39875e+00
4.86986e+03 1.35702e+00
4.87000e+03 1.32932e+00
4.87015e+03 1.30513e+00
4.87044e+03 1.27409e+00
4.87073e+03 1.24159e+00
4.87102e+03 1.21219e+00
4.87132e+03 1.18575e+00
4.87161e+03 1.16210e+00
4.87190e+03 1.14113e+00
4.87219e+03 1.12263e+00
4.87248e+03 1.10646e+00
4.87277e+03 1.09244e+00
4.87307e+03 1.08040e+00
4.87336e+03 1.07014e+00
4.87365e+03 1.06154e+00
4.87394e+03 1.05444e+00
4.87423e+03 1.04868e+00
4.87453e+03 1.04413e+00
4.87482e+03 1.04064e+00
4.87511e+03 1.03813e+00
4.87540e+03 1.03646e+00
4.87569e+03 1.03550e+00
4.87598e+03 1.03521e+00
4.87628e+03 1.03549e+00
4.87657e+03 1.03624e+00
4.87686e+03 1.03742e+00
4.87715e+03 1.03895e+00
4.87744e+03 1.04080e+00
4.87774e+03 1.04292e+00
4.87803e+03 1.04526e+00
4.87832e+03 1.04778e+00
4.87861e+03 1.05045e+00
4.87890e+03 1.05327e+00
4.87920e+03 1.05619e+00
4.87949e+03 1.05921e+00
4.87978e+03 1.06229e+00
4.88007e+03 1.06543e+00
4.88036e+03 1.06863e+00
4.88065e+03 1.07188e+00
4.88095e+03 1.07515e+00
4.88124e+03 1.07845e+00
4.88153e+03 1.08176e+00
4.88182e+03 1.08511e+00
4.88211e+03 1.08846e+00
4.88241e+03 1.09181e+00
4.88270e+03 1.09520e+00
4.88299e+03 1.09857e+00
4.88328e+03 1.10196e+00
4.88357e+03 1.10535e+00
4.88386e+03 1.10874e+00
4.88416e+03 1.11214e+00
4.88445e+03 1.11552e+00
4.88474e+03 1.11891e+00
4.88503e+03 1.12232e+00
4.88532e+03 1.12570e+00
4.88562e+03 1.12909e+00
4.88591e+03 1.13248e+00
4.88620e+03 1.13585e+00
4.88649e+03 1.13922e+00
4.88678e+03 1.14260e+00
4.88707e+03 1.14598e+00
4.88737e+03 1.14936e+00
4.88766e+03 1.15274e+00
4.88795e+03 1.15612e+00
4.88824e+03 1.15949e+00
4.88853e+03 1.16287e+00
4.88883e+03 1.16624e+00
4.88912e+03 1.16962e+00
4.88941e+03 1.17300e+00
4.88970e+03 1.17640e+00
4.89000e+03 1.17945e+00
4.89029e+03 1.18028e+00
4.89058e+03 1.18074e+00
4.89087e+03 1.18121e+00
4.89116e+03 1.18164e+00
4.89145e+03 1.18207e+00
4.89174e+03 1.18249e+00
4.89204e+03 1.18291e+00
4.89233e+03 1.18334e+00
4.89262e+03 1.18376e+00
4.89291e+03 1.19144e+00
4.91000e+03 1.20488e+00
4.92877e+03 1.19411e+00
4.92907e+03 1.19301e+00
4.92936e+03 1.19275e+00
4.92966e+03 1.19249e+00
4.92996e+03 1.19224e+00
4.93000e+03 1.19226e+00
4.93026e+03 1.19240e+00
4.93055e+03 1.19261e+00
4.93085e+03 1.19283e+00
4.93115e+03 1.19305e+00
4.93145e+03 1.19326e+00
4.93174e+03 1.19348e+00
4.93204e+03 1.19370e+00
4.93234e+03 1.19394e+00
4.93264e+03 1.19415e+00
4.93293e+03 1.19436e+00
4.93323e+03 1.19458e+00
4.93353e+03 1.19480e+00
4.93383e+03 1.19503e+00
4.93412e+03 1.19525e+00
4.93442e+03 1.19545e+00
4.93472e+03 1.19569e+00
4.93502e+03 1.19591e+00
4.93531e+03 1.19613e+00
4.93561e+03 1.19635e+00
4.93591e+03 1.19657e+00
4.93621e+03 1.19679e+00
4.93650e+03 1.19701e+00
4.93680e+03 1.19724e+00
4.93710e+03 1.19747e+00
4.93740e+03 1.19769e+00
4.93769e+03 1.19793e+00
4.93799e+03 1.19815e+00
4.93829e+03 1.19841e+00
4.93859e+03 1.19866e+00
4.93888e+03 1.19890e+00
4.93918e+03 1.19916e+00
4.93948e+03 1.19945e+00
4.93978e+03 1.19972e+00
4.94007e+03 1.20002e+00
4.94037e+03 1.20036e+00
4.94067e+03 1.20070e+00
4.94097e+03 1.20108e+00
4.94126e+03 1.20148e+00
4.94156e+03 1.20193e+00
4.94186e+03 1.20243e+00
4.94216e+03 1.20299e+00
4.94245e+03 1.20361e+00
4.94275e+03 1.20431e+00
4.94305e+03 1.20509e+00
4.94335e+03 1.20598e+00
4.94364e+03 1.20699e+00
4.94394e+03 1.20812e+00
4.94424e+03 1.20944e+00
4.94454e+03 1.21091e+00
4.94483e+03 1.21261e+00
4.94513e+03 1.21449e+00
4.94543e+03 1.21666e+00
4.94573e+03 1.21909e+00
4.94602e+03 1.22186e+00
4.94632e+03 1.22495e+00
4.94662e+03 1.22841e+00
4.94692e+03 1.23230e+00
4.94721e+03 1.23662e+00
4.94751e+03 1.24143e+00
4.94781e+03 1.24673e+00
4.94811e+03 1.25258e+00
4.94840e+03 1.25901e+00
4.94870e+03 1.26603e+00
4.94900e+03 1.27370e+00
4.94930e+03 1.28201e+00
4.94959e+03 1.29098e+00
4.94989e+03 1.29898e+00
4.95000e+03 1.30497e+00
4.95019e+03 1.31164e+00
4.95049e+03 1.32131e+00
4.95078e+03 1.33260e+00
4.95108e+03 1.34453e+00
4.95138e+03 1.35708e+00
4.95168e+03 1.37019e+00
4.95197e+03 1.38384e+00
4.95227e+03 1.39793e+00
4.95257e+03 1.41243e+00
4.95287e+03 1.42726e+00
4.95316e+03 1.44230e+00
4.95346e+03 1.45746e+00
4.95376e+03 1.47267e+00
4.95406e+03 1.48776e+00
4.95435e+03 1.50270e+00
4.95465e+03 1.51727e+00
4.95495e+03 1.53139e+00
4.95525e+03 1.54496e+00
4.95554e+03 1.55781e+00
4.95584e+03 1.56984e+00
4.95614e+03 1.58095e+00
4.95644e+03 1.59099e+00
4.95673e+03 1.59987e+00
4.95703e+03 1.60751e+00
4.95733e+03 1.61384e+00
4.95763e+03 1.61876e+00
4.95792e+03 1.62223e+00
4.95822e+03 1.62423e+00
4.95852e+03 1.62470e+00
4.95882e+03 1.62365e+00
4.95911e+03 1.62110e+00
4.95941e+03 1.61706e+00
4.95971e+03 1.61160e+00
4.96001e+03 1.60473e+00
4.96030e+03 1.59657e+00
4.96060e+03 1.58716e+00
4.96090e+03 1.57663e+00
4.96120e+03 1.56507e+00
4.96149e+03 1.55257e+00
4.96179e+03 1.53928e+00
4.96209e+03 1.52531e+00
4.96239e+03 1.51079e+00
4.96268e+03 1.49585e+00
4.96298e+03 1.48058e+00
4.96328e+03 1.46514e+00
4.96358e+03 1.44964e+00
4.96387e+03 1.43417e+00
4.96417e+03 1.41886e+00
4.96447e+03 1.40380e+00
4.96477e+03 1.38906e+00
4.96506e+03 1.37473e+00
4.96536e+03 1.36087e+00
4.96566e+03 1.34755e+00
4.96596e+03 1.33480e+00
4.96625e+03 1.32269e+00
4.96655e+03 1.31122e+00
4.96685e+03 1.30041e+00
4.96715e+03 1.29026e+00
4.96744e+03 1.28082e+00
4.96774e+03 1.27203e+00
4.96804e+03 1.26390e+00
4.96834e+03 1.25642e+00
4.96863e+03 1.24956e+00
4.96893e+03 1.24330e+00
4.96923e+03 1.23761e+00
4.96953e+03 1.23246e+00
4.96982e+03 1.22822e+00
4.97000e+03 1.22544e+00
4.97012e+03 1.22286e+00
4.97042e+03 1.21934e+00
4.97072e+03 1.21565e+00
4.97102e+03 1.21231e+00
4.97131e+03 1.20931e+00
4.97161e+03 1.20660e+00
4.97191e+03 1.20421e+00
4.97221e+03 1.20202e+00
4.97250e+03 1.20010e+00
4.97280e+03 1.19833e+00
4.97310e+03 1.19675e+00
4.97340e+03 1.19533e+00
4.97369e+03 1.19404e+00
4.97399e+03 1.19286e+00
4.97429e+03 1.19179e+00
4.97458e+03 1.19081e+00
4.97488e+03 1.18990e+00
4.97518e+03 1.18905e+00
4.97548e+03 1.18827e+00
4.97578e+03 1.18752e+00
4.97607e+03 1.18683e+00
4.97637e+03 1.18622e+00
4.97648e+03 1.18589e+00
4.97667e+03 1.18552e+00
4.97678e+03 1.18524e+00
4.97697e+03 1.18491e+00
4.97708e+03 1.18463e+00
4.97726e+03 1.18431e+00
4.97738e+03 1.18403e+00
4.97756e+03 1.18372e+00
4.97768e+03 1.18344e+00
4.97786e+03 1.18316e+00
4.97798e+03 1.18288e+00
4.97816e+03 1.18258e+00
4.97828e+03 1.18231e+00
4.97845e+03 1.18203e+00
4.97858e+03 1.18176e+00
4.97875e+03 1.18149e+00
4.97888e+03 1.18122e+00
4.97905e+03 1.18095e+00
4.97918e+03 1.18070e+00
4.97935e+03 1.18041e+00
4.97948e+03 1.18017e+00
4.97964e+03 1.17988e+00
4.97978e+03 1.17963e+00
4.97994e+03 1.17937e+00
4.98008e+03 1.17910e+00
4.98024e+03 1.17882e+00
4.98039e+03 1.17857e+00
4.98054e+03 1.17830e+00
4.98069e+03 1.17803e+00
4.98083e+03 1.17778e+00
4.98099e+03 1.17752e+00
4.98113e+03 1.17725e+00
4.98129e+03 1.17700e+00
4.98143e+03 1.17674e+00
4.98159e+03 1.17648e+00
4.98173e+03 1.17622e+00
4.98189e+03 1.17597e+00
4.98202e+03 1.17570e+00
4.98219e+03 1.17544e+00
4.98232e+03 1.17520e+00
4.98249e+03 1.17492e+00
4.98262e+03 1.17469e+00
4.98279e+03 1.17441e+00
4.98292e+03 1.17417e+00
4.98309e+03 1.17390e+00
4.98321e+03 1.17366e+00
4.98339e+03 1.17339e+00
4.98351e+03 1.17314e+00
4.98369e+03 1.17288e+00
4.98381e+03 1.17265e+00
4.98399e+03 1.17237e+00
4.98411e+03 1.17214e+00
4.98429e+03 1.17186e+00
4.98440e+03 1.17163e+00
4.98459e+03 1.17136e+00
4.98470e+03 1.17114e+00
4.98489e+03 1.17087e+00
4.98500e+03 1.17065e+00
4.98519e+03 1.17038e+00
4.98530e+03 1.17016e+00
4.98549e+03 1.16989e+00
4.98559e+03 1.16969e+00
4.98579e+03 1.16942e+00
4.98589e+03 1.16923e+00
4.98609e+03 1.16895e+00
4.98619e+03 1.16877e+00
4.98639e+03 1.16850e+00
4.98649e+03 1.16833e+00
4.98669e+03 1.16808e+00
4.98678e+03 1.16791e+00
4.98699e+03 1.16767e+00
4.98708e+03 1.16752e+00
4.98729e+03 1.16730e+00
4.98738e+03 1.16716e+00
4.98759e+03 1.16695e+00
4.98768e+03 1.16684e+00
4.98790e+03 1.16662e+00
4.98797e+03 1.16655e+00
4.98820e+03 1.16638e+00
4.98850e+03 1.16619e+00
4.98880e+03 1.16606e+00
4.98910e+03 1.16605e+00
4.98940e+03 1.16612e+00
4.98970e+03 1.16632e+00
4.99000e+03 1.16668e+00
4.99030e+03 1.16723e+00
4.99060e+03 1.16799e+00
4.99090e+03 1.16899e+00
4.99120e+03 1.17028e+00
4.99150e+03 1.17188e+00
4.99180e+03 1.17384e+00
4.99210e+03 1.17623e+00
4.99240e+03 1.17910e+00
4.99270e+03 1.18252e+00
4.99300e+03 1.18655e+00
4.99330e+03 1.19129e+00
4.99360e+03 1.19678e+00
4.99390e+03 1.20317e+00
4.99420e+03 1.21049e+00
4.99450e+03 1.21888e+00
4.99480e+03 1.22843e+00
4.99510e+03 1.23923e+00
4.99541e+03 1.25140e+00
4.99571e+03 1.26505e+00
4.99601e+03 1.28025e+00
4.99631e+03 1.29712e+00
4.99661e+03 1.31579e+00
4.99691e+03 1.33628e+00
4.99721e+03 1.35872e+00
4.99751e+03 1.38314e+00
4.99781e+03 1.40959e+00
4.99811e+03 1.43812e+00
4.99841e+03 1.46875e+00
4.99871e+03 1.50144e+00
4.99901e+03 1.53615e+00
4.99931e+03 1.57284e+00
4.99961e+03 1.61143e+00
4.99991e+03 1.65179e+00
5.00021e+03 1.69376e+00
5.00051e+03 1.73711e+00
5.00081e+03 1.78171e+00
5.00111e+03 1.82731e+00
5.00141e+03 1.87361e+00
5.00171e+03 1.92030e+00
5.00201e+03 1.96702e+00
5.00231e+03 2.01352e+00
5.00261e+03 2.05939e+00
5.00292e+03 2.10427e+00
5.00322e+03 2.14776e+00
5.00352e+03 2.18944e+00
5.00382e+03 2.22900e+00
5.00412e+03 2.26601e+00
5.00442e+03 2.30015e+00
5.00472e+03 2.33106e+00
5.00502e+03 2.35838e+00
5.00532e+03 2.38190e+00
5.00562e+03 2.40133e+00
5.00592e+03 2.41647e+00
5.00622e+03 2.42716e+00
5.00652e+03 2.43326e+00
5.00682e+03 2.43473e+00
5.00712e+03 2.43151e+00
5.00742e+03 2.42367e+00
5.00772e+03 2.41127e+00
5.00802e+03 2.39443e+00
5.00832e+03 2.37334e+00
5.00862e+03 2.34819e+00
5.00892e+03 2.31926e+00
5.00922e+03 2.28684e+00
5.00952e+03 2.25127e+00
5.00982e+03 2.21699e+00
5.01000e+03 2.19096e+00
5.01012e+03 2.16624e+00
5.01042e+03 2.12993e+00
5.01073e+03 2.08593e+00
5.01103e+03 2.04063e+00
5.01133e+03 1.99438e+00
5.01163e+03 1.94755e+00
5.01193e+03 1.90052e+00
5.01223e+03 1.85362e+00
5.01253e+03 1.80722e+00
5.01283e+03 1.76157e+00
5.01313e+03 1.71691e+00
5.01343e+03 1.67348e+00
5.01373e+03 1.63154e+00
5.01403e+03 1.59127e+00
5.01433e+03 1.55278e+00
5.01463e+03 1.51616e+00
5.01493e+03 1.48152e+00
5.01523e+03 1.44894e+00
5.01553e+03 1.41844e+00
5.01583e+03 1.39004e+00
5.01613e+03 1.36368e+00
5.01643e+03 1.33934e+00
5.01673e+03 1.31701e+00
5.01703e+03 1.29659e+00
5.01733e+03 1.27802e+00
5.01763e+03 1.26118e+00
5.01793e+03 1.24598e+00
5.01823e+03 1.23236e+00
5.01854e+03 1.22018e+00
5.01884e+03 1.20934e+00
5.01914e+03 1.19976e+00
5.01944e+03 1.19131e+00
5.01974e+03 1.18390e+00
5.02004e+03 1.17742e+00
5.02034e+03 1.17180e+00
5.02064e+03 1.16695e+00
5.02094e+03 1.16278e+00
5.02124e+03 1.15921e+00
5.02154e+03 1.15617e+00
5.02184e+03 1.15361e+00
5.02214e+03 1.15146e+00
5.02244e+03 1.14969e+00
5.02274e+03 1.14819e+00
5.02304e+03 1.14699e+00
5.02334e+03 1.14601e+00
5.02364e+03 1.14524e+00
5.02394e+03 1.14463e+00
5.02424e+03 1.14417e+00
5.02454e+03 1.14382e+00
5.02484e+03 1.14359e+00
5.02514e+03 1.14342e+00
5.02544e+03 1.14333e+00
5.02574e+03 1.14331e+00
5.02604e+03 1.14333e+00
5.02635e+03 1.14337e+00
5.02665e+03 1.14348e+00
5.02695e+03 1.14359e+00
5.02725e+03 1.14373e+00
5.02755e+03 1.14389e+00
5.02785e+03 1.14407e+00
5.02815e+03 1.14425e+00
5.02845e+03 1.14444e+00
5.02875e+03 1.14464e+00
5.02905e+03 1.14484e+00
5.02935e+03 1.14505e+00
5.02965e+03 1.14527e+00
5.02995e+03 1.14540e+00
5.03000e+03 1.14551e+00
5.03025e+03 1.14533e+00
5.03055e+03 1.14512e+00
5.03085e+03 1.14491e+00
5.03115e+03 1.14470e+00
5.03145e+03 1.14450e+00
5.03175e+03 1.14429e+00
5.03205e+03 1.14408e+00
5.03235e+03 1.14386e+00
5.03265e+03 1.14367e+00
5.03295e+03 1.14345e+00
5.03325e+03 1.14324e+00
5.03355e+03 1.14304e+00
5.03385e+03 1.14282e+00
5.03416e+03 1.14261e+00
5.03446e+03 1.14241e+00
5.03476e+03 1.14220e+00
5.03506e+03 1.14200e+00
5.03536e+03 1.14178e+00
5.03566e+03 1.14157e+00
5.03596e+03 1.14137e+00
5.03626e+03 1.14079e+00
5.05000e+03 1.13739e+00
5.07000e+03 1.14471e+00
5.09000e+03 1.13274e+00
5.11000e+03 1.13053e+00
5.13000e+03 1.11799e+00
5.15000e+03 1.10216e+00
5.17000e+03 1.08493e+00
5.19000e+03 1.08435e+00
5.21000e+03 1.09047e+00
5.23000e+03 1.09189e+00
5.25000e+03 1.09125e+00
5.27000e+03 1.06241e+00
5.29000e+03 1.08164e+00
5.31000e+03 1.08498e+00
5.33000e+03 1.06205e+00
5.35000e+03 1.07520e+00
5.37000e+03 1.07294e+00
5.39000e+03 1.06396e+00
5.41000e+03 1.05374e+00
5.43000e+03 1.05710e+00
5.45000e+03 1.06088e+00
5.47000e+03 1.04971e+00
5.49000e+03 1.04399e+00
5.51000e+03 1.03620e+00
5.53000e+03 1.03389e+00
5.55000e+03 1.03095e+00
5.57000e+03 1.01950e+00
5.59000e+03 1.01050e+00
5.61000e+03 1.01253e+00
5.63000e+03 1.00707e+00
5.65000e+03 1.00212e+00
5.67000e+03 9.92195e-01
5.69000e+03 9.89138e-01
5.71000e+03 9.75845e-01
5.73000e+03 9.83019e-01
5.75000e+03 9.71522e-01
5.77000e+03 9.66370e-01
5.79000e+03 9.56420e-01
5.81000e+03 9.60592e-01
5.83000e+03 9.61847e-01
5.85000e+03 9.51996e-01
5.87000e+03 9.41752e-01
5.89000e+03 9.28568e-01
5.91000e+03 9.37465e-01
5.93000e+03 9.36494e-01
5.95000e+03 9.33127e-01
5.97000e+03 9.31760e-01
5.99000e+03 9.24314e-01
6.01000e+03 9.16623e-01
6.03000e+03 9.14881e-01
6.05000e+03 9.12435e-01
6.07000e+03 9.04792e-01
6.09000e+03 8.92202e-01
6.11000e+03 8.84081e-01
6.13000e+03 8.69123e-01
6.15000e+03 8.63840e-01
6.17000e+03 8.54974e-01
6.19000e+03 8.58338e-01
6.21000e+03 8.51689e-01
6.23000e+03 8.37743e-01
6.25000e+03 8.26007e-01
6.27000e+03 8.30933e-01
6.29000e+03 8.28351e-01
6.31000e+03 8.14745e-01
6.33000e+03 8.11720e-01
6.35000e+03 8.08513e-01
6.37000e+03 8.06814e-01
6.39000e+03 8.09066e-01
6.41000e+03 8.04658e-01
6.43000e+03 8.05478e-01
6.45000e+03 8.03183e-01
6.47000e+03 8.01662e-01
6.49000e+03 7.96534e-01
6.51000e+03 7.98320e-01
6.52364e+03 7.94558e-01
6.52404e+03 7.93381e-01
6.52443e+03 7.93198e-01
6.52482e+03 7.93013e-01
6.52522e+03 7.92829e-01
6.52561e+03 7.92643e-01
6.52600e+03 7.92459e-01
6.52640e+03 7.92275e-01
6.52679e+03 7.92090e-01
6.52719e+03 7.91908e-01
6.52758e+03 7.91724e-01
6.52797e+03 7.91541e-01
6.52837e+03 7.91358e-01
6.52876e+03 7.91176e-01
6.52915e+03 7.90994e-01
6.52955e+03 7.90814e-01
6.52994e+03 7.90658e-01
6.53000e+03 7.90462e-01
6.53034e+03 7.89834e-01
6.53073e+03 7.88994e-01
6.53112e+03 7.88127e-01
6.53152e+03 7.87263e-01
6.53191e+03 7.86405e-01
6.53230e+03 7.85555e-01
6.53270e+03 7.84714e-01
6.53309e+03 7.83886e-01
6.53349e+03 7.83073e-01
6.53388e+03 7.82278e-01
6.53427e+03 7.81510e-01
6.53467e+03 7.80771e-01
6.53506e+03 7.80072e-01
6.53546e+03 7.79424e-01
6.53585e+03 7.78836e-01
6.53624e+03 7.78325e-01
6.53664e+03 7.77912e-01
6.53703e+03 7.77614e-01
6.53742e+03 7.77460e-01
6.53782e+03 7.77486e-01
6.53821e+03 7.77725e-01
6.53860e+03 7.78228e-01
6.53900e+03 7.79047e-01
6.53939e+03 7.80248e-01
6.53979e+03 7.81906e-01
6.54018e+03 7.84111e-01
6.54057e+03 7.86965e-01
6.54097e+03 7.90588e-01
6.54136e+03 7.95114e-01
6.54176e+03 8.00704e-01
6.54215e+03 8.07531e-01
6.54254e+03 8.15802e-01
6.54294e+03 8.25742e-01
6.54333e+03 8.37606e-01
6.54372e+03 8.51674e-01
6.54412e+03 8.68257e-01
6.54451e+03 8.87698e-01
6.54491e+03 9.10369e-01
6.54530e+03 9.36669e-01
6.54569e+03 9.67031e-01
6.54609e+03 1.00192e+00
6.54648e+03 1.04181e+00
6.54687e+03 1.08723e+00
6.54727e+03 1.13867e+00
6.54766e+03 1.19674e+00
6.54806e+03 1.26195e+00
6.54845e+03 1.33485e+00
6.54884e+03 1.41598e+00
6.54924e+03 1.50587e+00
6.54963e+03 1.60332e+00
6.55000e+03 1.68191e+00
6.55002e+03 1.74030e+00
6.55042e+03 1.83211e+00
6.55081e+03 1.96085e+00
6.55121e+03 2.10032e+00
6.55160e+03 2.25065e+00
6.55199e+03 2.41192e+00
6.55239e+03 2.58407e+00
6.55278e+03 2.76686e+00
6.55317e+03 2.96001e+00
6.55357e+03 3.16316e+00
6.55396e+03 3.37557e+00
6.55436e+03 3.59647e+00
6.55475e+03 3.82493e+00
6.55514e+03 4.05982e+00
6.55554e+03 4.29984e+00
6.55593e+03 4.54362e+00
6.55633e+03 4.78957e+00
6.55672e+03 5.03600e+00
6.55711e+03 5.28110e+00
6.55751e+03 5.52295e+00
6.55790e+03 5.75956e+00
6.55829e+03 5.98897e+00
6.55869e+03 6.20921e+00
6.55908e+03 6.41822e+00
6.55948e+03 6.61401e+00
6.55987e+03 6.79468e+00
6.56026e+03 6.95844e+00
6.56066e+03 7.10364e+00
6.56105e+03 7.22877e+00
6.56144e+03 7.33249e+00
6.56184e+03 7.41374e+00
6.56223e+03 7.47161e+00
6.56263e+03 7.50546e+00
6.56302e+03 7.51494e+00
6.56341e+03 7.49990e+00
6.56381e+03 7.46053e+00
6.56420e+03 7.39719e+00
6.56459e+03 7.31055e+00
6.56499e+03 7.20153e+00
6.56538e+03 7.07124e+00
6.56578e+03 6.92103e+00
6.56617e+03 6.75242e+00
6.56656e+03 6.56708e+00
6.56696e+03 6.36680e+00
6.56735e+03 6.15351e+00
6.56775e+03 5.92918e+00
6.56814e+03 5.69592e+00
6.56853e+03 5.45565e+00
6.56893e+03 5.21033e+00
6.56932e+03 4.96198e+00
6.56971e+03 4.72952e+00
6.57000e+03 4.55973e+00
6.57011e+03 4.42014e+00
6.57050e+03 4.22169e+00
6.57090e+03 3.98266e+00
6.57129e+03 3.74891e+00
6.57168e+03 3.52172e+00
6.57208e+03 3.30217e+00
6.57247e+03 3.09122e+00
6.57286e+03 2.88960e+00
6.57326e+03 2.69803e+00
6.57365e+03 2.51684e+00
6.57405e+03 2.34632e+00
6.57444e+03 2.18674e+00
6.57483e+03 2.03805e+00
6.57523e+03 1.90023e+00
6.57562e+03 1.77307e+00
6.57601e+03 1.65636e+00
6.57641e+03 1.54971e+00
6.57680e+03 1.45273e+00
6.57720e+03 1.36492e+00
6.57759e+03 1.28583e+00
6.57798e+03 1.21491e+00
6.57838e+03 1.15165e+00
6.57877e+03 1.09546e+00
6.57916e+03 1.04579e+00
6.57956e+03 1.00217e+00
6.57995e+03 9.63966e-01
6.58035e+03 9.30733e-01
6.58074e+03 9.01976e-01
6.58113e+03 8.77235e-01
6.58153e+03 8.56086e-01
6.58192e+03 8.38124e-01
6.58231e+03 8.22984e-01
6.58271e+03 8.10324e-01
6.58310e+03 7.99835e-01
6.58350e+03 7.91231e-01
6.58389e+03 7.84271e-01
6.58428e+03 7.78731e-01
6.58468e+03 7.74412e-01
6.58507e+03 7.71136e-01
6.58546e+03 7.68749e-01
6.58586e+03 7.67119e-01
6.58625e+03 7.66123e-01
6.58665e+03 7.65665e-01
6.58704e+03 7.65656e-01
6.58743e+03 7.66020e-01
6.58783e+03 7.66694e-01
6.58822e+03 7.67626e-01
6.58862e+03 7.68767e-01
6.58901e+03 7.70083e-01
6.58940e+03 7.71537e-01
6.58980e+03 7.72900e-01
6.59000e+03 7.73842e-01
6.59019e+03 7.73937e-01
6.59058e+03 7.73932e-01
6.59098e+03 7.73993e-01
6.59137e+03 7.74102e-01
6.59177e+03 7.74249e-01
6.59216e+03 7.74428e-01
6.59255e+03 7.74629e-01
6.59295e+03 7.74849e-01
6.59334e+03 7.75084e-01
6.59373e+03 7.75331e-01
6.59413e+03 7.75588e-01
6.59452e+03 7.75850e-01
6.59492e+03 7.76117e-01
6.59531e+03 7.76390e-01
6.59570e+03 7.76664e-01
6.59610e+03 7.76943e-01
6.59649e+03 7.77221e-01
6.59688e+03 7.77502e-01
6.59728e+03 7.77784e-01
6.59767e+03 7.78064e-01
6.59807e+03 7.78349e-01
6.59846e+03 7.78631e-01
6.59885e+03 7.78914e-01
6.59925e+03 7.79198e-01
6.59964e+03 7.79482e-01
6.60004e+03 7.79765e-01
6.60043e+03 7.80049e-01
6.60082e+03 7.80331e-01
6.60122e+03 7.80616e-01
6.60161e+03 7.80901e-01
6.60200e+03 7.82952e-01
6.61000e+03 7.87015e-01
6.63000e+03 7.86009e-01
6.65000e+03 7.83575e-01
6.67000e+03 7.77585e-01
6.69000e+03 7.77325e-01
6.71000e+03 7.72530e-01
6.73000e+03 7.73669e-01
6.75000e+03 7.70253e-01
6.77000e+03 7.69598e-01
6.79000e+03 7.66843e-01
6.81000e+03 7.65665e-01
6.83000e+03 7.65233e-01
6.85000e+03 7.60077e-01
6.87000e+03 7.61310e-01
6.89000e+03 7.62229e-01
6.91000e+03 7.60632e-01
6.93000e+03 7.58231e-01
6.95000e+03 7.56384e-01
6.97000e+03 7.56818e-01
6.99000e+03 7.55085e-01
7.01000e+03 7.50273e-01
7.03000e+03 7.52549e-01
7.05000e+03 7.52191e-01
7.07000e+03 7.45489e-01
7.09000e+03 7.41680e-01
7.11000e+03 7.36268e-01
7.13000e+03 7.31070e-01
7.15000e+03 7.27017e-01
7.17000e+03 7.23199e-01
7.19000e+03 7.15923e-01
7.21000e+03 7.16043e-01
7.23000e+03 7.15238e-01
7.25000e+03 7.12674e-01
7.27000e+03 7.08687e-01
7.29000e+03 7.01346e-01
7.31000e+03 7.01898e-01
7.33000e+03 6.99926e-01
7.35000e+03 6.97855e-01
7.37000e+03 6.97215e-01
7.39000e+03 6.89499e-01
7.41000e+03 6.84172e-01
7.43000e+03 6.84421e-01
7.45000e+03 6.81852e-01
7.47000e+03 6.80270e-01
7.49000e+03 6.77186e-01
7.51000e+03 6.76061e-01
7.53000e+03 6.77010e-01
7.55000e+03 6.76996e-01
7.57000e+03 6.74296e-01
7.59000e+03 6.68998e-01
7.61000e+03 6.64583e-01
7.63000e+03 6.60195e-01
7.65000e+03 6.54856e-01
7.67000e+03 6.47282e-01
7.69000e+03 6.49095e-01
7.71000e+03 6.46198e-01
7.73000e+03 6.45490e-01
7.75000e+03 6.43495e-01
7.77000e+03 6.43046e-01
7.79000e+03 6.44247e-01
7.81000e+03 6.42354e-01
7.83000e+03 6.38610e-01
7.85000e+03 6.34026e-01
7.87000e+03 6.30629e-01
7.89000e+03 6.24072e-01
7.91000e+03 6.16046e-01
7.93000e+03 6.11519e-01
7.95000e+03 6.07135e-01
7.97000e+03 6.08487e-01
7.99000e+03 6.04934e-01
8.01000e+03 6.02576e-01
8.03000e+03 5.99926e-01
8.05000e+03 5.96507e-01
8.07000e+03 5.94909e-01
8.09000e+03 5.90448e-01
8.11000e+03 5.89612e-01
8.13000e+03 5.92009e-01
8.15000e+03 5.92992e-01
8.17000e+03 5.93503e-01
8.19000e+03 5.86511e-01
8.21000e+03 5.76909e-01
8.23000e+03 5.74259e-01
8.25000e+03 5.74046e-01
8.27000e+03 5.74346e-01
8.29000e+03 5.70855e-01
8.31000e+03 5.63983e-01
8.33000e+03 5.60525e-01
8.35000e+03 5.59290e-01
8.37000e+03 5.58207e-01
8.39000e+03 5.53666e-01
8.41000e+03 5.55379e-01
8.43000e+03 5.48992e-01
8.45000e+03 5.42366e-01
8.47000e+03 5.38455e-01
8.49000e+03 5.40535e-01
8.51000e+03 5.28771e-01
8.53000e+03 5.36164e-01
8.55000e+03 5.19343e-01
8.57000e+03 5.40323e-01
8.59000e+03 5.29455e-01
8.61000e+03 5.28134e-01
8.63000e+03 5.43393e-01
8.65000e+03 5.33076e-01
8.67000e+03 5.04070e-01
8.69000e+03 5.30036e-01
8.71000e+03 5.41724e-01
8.73000e+03 5.31121e-01
8.75000e+03 5.04675e-01
8.77000e+03 5.23867e-01
8.79000e+03 5.38966e-01
8.81000e+03 5.37869e-01
8.83000e+03 5.31332e-01
8.85000e+03 5.09088e-01
8.87000e+03 4.85008e-01
8.89000e+03 5.08229e-01
8.91000e+03 5.18593e-01
8.93000e+03 5.16978e-01
8.95000e+03 5.15725e-01
8.97000e+03 5.11627e-01
8.99000e+03 4.98655e-01
9.01000e+03 4.69801e-01
9.03000e+03 4.83957e-01
9.05000e+03 5.07396e-01
9.07000e+03 5.12707e-01
9.09000e+03 5.12378e-01
9.11000e+03 5.16055e-01
9.13000e+03 5.18678e-01
9.15000e+03 5.17008e-01
9.17000e+03 5.14620e-01
9.19000e+03 5.10054e-01
9.21000e+03 4.88541e-01
9.23000e+03 4.57768e-01
9.25000e+03 4.76474e-01
9.27000e+03 4.90627e-01
9.29000e+03 4.93844e-01
9.31000e+03 4.94695e-01
9.33000e+03 4.95013e-01
9.35000e+03 4.93000e-01
9.37000e+03 4.90579e-01
9.39000e+03 4.90997e-01
9.41000e+03 4.87094e-01
9.43000e+03 4.89329e-01
9.45000e+03 4.86952e-01
9.47000e+03 4.87455e-01
9.49000e+03 4.84156e-01
9.51000e+03 4.73725e-01
9.53000e+03 4.58656e-01
9.55000e+03 4.36582e-01
9.57000e+03 4.57927e-01
9.59000e+03 4.69839e-01
9.61000e+03 4.69435e-01
9.63000e+03 4.68326e-01
9.65000e+03 4.65938e-01
9.67000e+03 4.64066e-01
9.69000e+03 4.63563e-01
9.71000e+03 4.58815e-01
9.73000e+03 4.54431e-01
9.75000e+03 4.51638e-01
9.77000e+03 4.50103e-01
9.79000e+03 4.47801e-01
9.81000e+03 4.48239e-01
9.83000e+03 4.45868e-01
9.85000e+03 4.44085e-01
9.87000e+03 4.41568e-01
9.89000e+03 4.39434e-01
9.91000e+03 4.37730e-01
9.93000e+03 4.37326e-01
9.95000e+03 4.36443e-01
9.97000e+03 4.34654e-01
9.99000e+03 4.30428e-01
1.00250e+04 4.19265e-01
1.00750e+04 4.12141e-01
1.01250e+04 4.21342e-01
1.01750e+04 4.20952e-01
1.02250e+04 4.19745e-01
1.02750e+04 4.18784e-01
1.03250e+04 4.15759e-01
1.03750e+04 4.13367e-01
1.04250e+04 4.11562e-01
1.04750e+04 4.06466e-01
1.05250e+04 4.01107e-01
1.05750e+04 3.95203e-01
1.06250e+04 3.90797e-01
1.06750e+04 3.88525e-01
1.07250e+04 3.88957e-01
1.07750e+04 3.86318e-01
1.08250e+04 3.81854e-01
1.08750e+04 3.75849e-01
1.09250e+04 3.61688e-01
1.09750e+04 3.65282e-01
1.10250e+04 3.67791e-01
1.10750e+04 3.64314e-01
1.11250e+04 3.62315e-01
1.11750e+04 3.60125e-01
1.12250e+04 3.58404e-01
1.12750e+04 3.55243e-01
1.13250e+04 3.53199e-01
1.13750e+04 3.51184e-01
1.14250e+04 3.48005e-01
1.14750e+04 3.46557e-01
1.15250e+04 3.43188e-01
1.15750e+04 3.38758e-01
1.16250e+04 3.33530e-01
1.16750e+04 3.30259e-01
1.17250e+04 3.27443e-01
1.17750e+04 3.21509e-01
1.18250e+04 3.16676e-01
1.18750e+04 3.11941e-01
1.19250e+04 3.10283e-01
1.19750e+04 3.05319e-01
1.20250e+04 3.04581e-01
1.20750e+04 3.03460e-01
1.21250e+04 3.03588e-01
1.21750e+04 3.03810e-01
1.22250e+04 3.03148e-01
1.22750e+04 3.02232e-01
1.23250e+04 3.01429e-01
1.23750e+04 3.00809e-01
1.24250e+04 2.99198e-01
1.24750e+04 2.98225e-01
1.25250e+04 2.97276e-01
1.25750e+04 2.96432e-01
1.26250e+04 2.95754e-01
1.26750e+04 2.95030e-01
1.27250e+04 2.93490e-01
1.27750e+04 2.87962e-01
1.28250e+04 2.76874e-01
1.28750e+04 2.83511e-01
1.29250e+04 2.84035e-01
1.29750e+04 2.83015e-01
1.30250e+04 2.80523e-01
1.30750e+04 2.78285e-01
1.31250e+04 2.74398e-01
1.31750e+04 2.71421e-01
1.32250e+04 2.68943e-01
1.32750e+04 2.65261e-01
1.33250e+04 2.62761e-01
1.33750e+04 2.59841e-01
1.34250e+04 2.57645e-01
1.34750e+04 2.54782e-01
1.35250e+04 2.51789e-01
1.35750e+04 2.48375e-01
1.36250e+04 2.46302e-01
1.36750e+04 2.45020e-01
1.37250e+04 2.43571e-01
1.37750e+04 2.42040e-01
1.38250e+04 2.40347e-01
1.38750e+04 2.37110e-01
1.39250e+04 2.29895e-01
1.39750e+04 2.26566e-01
1.40250e+04 2.24256e-01
1.40750e+04 2.23007e-01
1.41250e+04 2.20875e-01
1.41750e+04 2.19838e-01
1.42250e+04 2.17529e-01
1.42750e+04 2.15400e-01
1.43250e+04 2.15146e-01
1.43750e+04 2.14136e-01
1.44250e+04 2.11190e-01
1.44750e+04 2.11099e-01
1.45250e+04 2.09398e-01
1.45700e+04 2.08478e-01
1.46200e+04 2.05154e-01
1.46750e+04 2.03055e-01
1.47250e+04 2.01285e-01
1.47750e+04 2.00451e-01
1.48250e+04 1.99710e-01
1.48750e+04 1.98367e-01
1.49250e+04 1.98698e-01
1.49750e+04 1.97251e-01
1.50250e+04 1.95427e-01
1.50750e+04 1.94436e-01
1.51250e+04 1.94720e-01
1.51750e+04 1.94231e-01
1.52250e+04 1.93405e-01
1.52750e+04 1.92630e-01
1.53250e+04 1.91662e-01
1.53750e+04 1.90504e-01
1.54250e+04 1.88496e-01
1.54750e+04 1.88475e-01
1.55250e+04 1.87109e-01
1.55750e+04 1.83615e-01
1.56250e+04 1.83824e-01
1.56750e+04 1.82848e-01
1.57250e+04 1.82703e-01
1.57750e+04 1.79750e-01
1.58250e+04 1.77439e-01
1.58750e+04 1.75271e-01
1.59250e+04 1.78618e-01
1.59750e+04 1.78107e-01
1.60500e+04 1.76549e-01
1.61500e+04 1.75619e-01
1.62500e+04 1.74157e-01
1.63500e+04 1.73828e-01
1.64500e+04 1.69690e-01
1.65500e+04 1.71630e-01
1.66500e+04 1.69890e-01
1.67500e+04 1.67164e-01
1.68500e+04 1.64433e-01
1.69500e+04 1.64950e-01
1.70500e+04 1.63165e-01
1.71500e+04 1.60310e-01
1.72500e+04 1.56256e-01
1.73500e+04 1.50178e-01
1.74500e+04 1.48537e-01
1.75500e+04 1.45852e-01
1.76500e+04 1.41936e-01
1.77500e+04 1.37892e-01
1.78500e+04 1.34181e-01
1.79500e+04 1.30261e-01
1.80500e+04 1.26265e-01
1.81500e+04 1.21719e-01
1.82500e+04 1.20858e-01
1.83500e+04 1.19670e-01
1.84500e+04 1.17215e-01
1.85500e+04 1.14842e-01
1.86500e+04 1.11480e-01
1.87500e+04 1.07594e-01
1.88500e+04 1.08003e-01
1.89500e+04 1.06421e-01
1.90500e+04 1.05736e-01
1.91500e+04 1.04336e-01
1.92500e+04 1.02798e-01
1.93500e+04 1.00428e-01
1.94500e+04 9.70054e-02
1.95500e+04 9.69337e-02
1.96500e+04 9.55785e-02
1.97500e+04 9.36822e-02
1.98500e+04 9.22257e-02
1.99500e+04 9.10115e-02
2.00500e+04 8.99513e-02
2.01500e+04 8.87530e-02
2.02500e+04 8.73786e-02
2.03500e+04 8.64309e-02
2.04500e+04 8.57819e-02
2.05500e+04 8.47935e-02
2.06500e+04 8.38529e-02
2.07500e+04 8.30412e-02
2.08500e+04 8.21179e-02
2.09500e+04 8.11533e-02
2.10500e+04 8.04991e-02
2.11500e+04 7.94572e-02
2.12500e+04 7.85597e-02
2.13500e+04 7.78617e-02
2.14500e+04 7.69105e-02
2.15500e+04 7.55709e-02
2.16500e+04 7.34112e-02
2.17500e+04 7.32883e-02
2.18500e+04 7.27406e-02
2.19500e+04 7.18271e-02
2.20500e+04 7.06667e-02
2.21500e+04 6.98220e-02
2.22500e+04 6.86761e-02
2.23500e+04 6.76694e-02
2.24500e+04 6.67370e-02
2.25500e+04 6.57474e-02
2.26500e+04 6.47633e-02
2.27500e+04 6.40119e-02
2.28500e+04 6.24020e-02
2.29500e+04 5.84720e-02
2.30500e+04 5.86764e-02
2.31500e+04 5.78500e-02
2.32500e+04 5.46032e-02
2.33500e+04 5.48313e-02
2.34500e+04 5.34289e-02
2.35500e+04 5.11644e-02
2.36500e+04 5.15252e-02
2.37500e+04 5.02848e-02
2.38500e+04 4.83503e-02
2.39500e+04 4.84136e-02
2.40500e+04 4.74446e-02
2.41500e+04 4.56123e-02
2.42500e+04 4.53085e-02
2.43500e+04 4.42717e-02
2.44500e+04 4.27990e-02
2.45500e+04 4.18957e-02
2.46500e+04 4.13137e-02
2.47500e+04 4.00860e-02
2.48500e+04 3.84668e-02
2.49500e+04 3.77114e-02
2.50500e+04 3.74984e-02
2.51500e+04 3.64108e-02
2.52500e+04 3.60476e-02
2.53500e+04 3.58107e-02
2.54500e+04 3.53003e-02
2.55500e+04 3.49063e-02
2.56500e+04 3.45469e-02
2.57500e+04 3.45306e-02
2.58500e+04 3.39945e-02
2.59500e+04 3.37740e-02
2.60500e+04 3.34383e-02
2.61500e+04 3.27025e-02
2.62500e+04 3.20261e-02
2.63500e+04 3.22699e-02
2.64500e+04 3.21083e-02
2.65500e+04 3.17316e-02
2.66500e+04 3.11813e-02
2.67500e+04 3.08707e-02
2.68500e+04 3.07571e-02
2.69500e+04 3.03731e-02
2.70500e+04 3.01674e-02
2.71500e+04 2.98708e-02
2.72500e+04 2.96129e-02
2.73500e+04 2.91805e-02
2.74500e+04 2.88525e-02
2.75500e+04 2.83403e-02
2.76500e+04 2.81190e-02
2.77500e+04 2.79050e-02
2.78500e+04 2.77412e-02
2.79500e+04 2.75075e-02
2.80500e+04 2.71865e-02
2.81500e+04 2.68794e-02
2.82500e+04 2.66635e-02
2.83500e+04 2.64167e-02
2.84500e+04 2.61408e-02
2.85500e+04 2.58170e-02
2.86500e+04 2.54151e-02
2.87500e+04 2.49086e-02
2.88500e+04 2.48628e-02
2.89500e+04 2.46907e-02
2.90500e+04 2.44586e-02
2.91500e+04 2.41807e-02
2.92500e+04 2.38562e-02
2.93500e+04 2.36638e-02
2.94500e+04 2.33669e-02
2.95500e+04 2.31292e-02
2.96500e+04 2.29116e-02
2.97500e+04 2.26450e-02
2.98500e+04 2.23920e-02
2.99500e+04 2.21674e-02
3.00500e+04 2.19275e-02
3.01500e+04 2.17310e-02
3.02500e+04 2.14323e-02
3.03500e+04 2.10132e-02
3.04500e+04 2.09635e-02
3.05500e+04 2.08780e-02
3.06500e+04 2.07269e-02
3.07500e+04 2.05673e-02
3.08500e+04 2.03795e-02
3.09500e+04 2.02421e-02
3.10500e+04 2.00842e-02
3.11500e+04 1.98490e-02
3.12500e+04 1.97033e-02
3.13500e+04 1.95246e-02
3.14500e+04 1.93604e-02
3.15500e+04 1.91930e-02
3.16500e+04 1.90084e-02
3.17500e+04 1.88447e-02
3.18500e+04 1.86904e-02
3.19500e+04 1.85413e-02
3.21000e+04 1.83067e-02
3.23000e+04 1.80073e-02
3.25000e+04 1.77144e-02
3.27000e+04 1.73592e-02
3.29000e+04 1.69135e-02
3.31000e+04 1.67179e-02
3.33000e+04 1.64935e-02
3.35000e+04 1.62199e-02
3.37000e+04 1.59190e-02
3.39000e+04 1.56334e-02
3.41000e+04 1.53449e-02
3.43000e+04 1.50755e-02
3.45000e+04 1.48009e-02
3.47000e+04 1.45242e-02
3.49000e+04 1.42582e-02
3.51000e+04 1.39995e-02
3.53000e+04 1.37265e-02
3.55000e+04 1.34735e-02
3.57000e+04 1.32173e-02
3.59000e+04 1.29729e-02
3.61000e+04 1.27529e-02
3.63000e+04 1.25079e-02
3.65000e+04 1.22611e-02
3.67000e+04 1.20317e-02
3.69000e+04 1.17847e-02
3.71000e+04 1.15631e-02
3.73000e+04 1.13119e-02
3.75000e+04 1.10542e-02
3.77000e+04 1.09120e-02
3.79000e+04 1.07114e-02
3.81000e+04 1.05162e-02
3.83000e+04 1.03261e-02
3.85000e+04 1.01424e-02
3.87000e+04 9.93862e-03
3.89000e+04 9.74397e-03
3.91000e+04 9.54226e-03
3.93000e+04 9.38487e-03
3.95000e+04 9.19291e-03
3.97000e+04 9.02430e-03
3.99000e+04 8.83858e-03
4.01000e+04 8.67370e-03
4.03000e+04 8.49935e-03
4.05000e+04 8.29139e-03
4.07000e+04 8.19399e-03
4.09000e+04 8.06022e-03
4.11000e+04 7.92265e-03
4.13000e+04 7.77610e-03
4.15000e+04 7.61859e-03
4.17000e+04 7.45475e-03
4.19000e+04 7.35583e-03
4.21000e+04 7.22557e-03
4.23000e+04 7.10729e-03
4.25000e+04 6.97761e-03
4.27000e+04 6.84953e-03
4.29000e+04 6.64445e-03
4.31000e+04 6.45470e-03
4.33000e+04 6.35722e-03
4.35000e+04 6.17564e-03
4.37000e+04 6.01881e-03
4.39000e+04 5.91911e-03
4.41000e+04 5.77155e-03
4.43000e+04 5.67393e-03
4.45000e+04 5.57015e-03
4.47000e+04 5.45062e-03
4.49000e+04 5.37881e-03
4.51000e+04 5.27357e-03
4.53000e+04 5.16562e-03
4.55000e+04 5.10581e-03
4.57000e+04 5.03201e-03
4.59000e+04 4.91923e-03
4.61000e+04 4.86349e-03
4.63000e+04 4.77617e-03
4.65000e+04 4.66390e-03
4.67000e+04 4.61613e-03
4.69000e+04 4.56848e-03
4.71000e+04 4.49960e-03
4.73000e+04 4.45054e-03
4.75000e+04 4.37615e-03
4.77000e+04 4.31492e-03
4.79000e+04 4.25134e-03
4.81000e+04 4.18081e-03
4.83000e+04 4.13477e-03
4.85000e+04 4.06764e-03
4.87000e+04 4.00015e-03
4.89000e+04 3.94132e-03
4.91000e+04 3.88420e-03
4.93000e+04 3.82747e-03
4.95000e+04 3.76826e-03
4.97000e+04 3.71993e-03
4.99000e+04 3.65822e-03
5.01000e+04 3.61070e-03
5.03000e+04 3.55893e-03
5.05000e+04 3.50057e-03
5.07000e+04 3.45472e-03
5.09000e+04 3.40542e-03
5.11000e+04 3.34683e-03
5.13000e+04 3.28734e-03
5.15000e+04 3.25806e-03
5.17000e+04 3.22701e-03
5.19000e+04 3.17942e-03
5.21000e+04 3.13437e-03
5.23000e+04 3.08771e-03
5.25000e+04 3.05018e-03
5.27000e+04 3.01482e-03
5.29000e+04 2.96249e-03
5.31000e+04 2.91971e-03
5.33000e+04 2.88348e-03
5.35000e+04 2.84425e-03
5.37000e+04 2.80631e-03
5.39000e+04 2.76930e-03
5.41000e+04 2.73150e-03
5.43000e+04 2.69145e-03
5.45000e+04 2.66105e-03
5.47000e+04 2.62362e-03
5.49000e+04 2.59037e-03
5.51000e+04 2.55715e-03
5.53000e+04 2.53291e-03
5.55000e+04 2.49153e-03
5.57000e+04 2.46482e-03
5.59000e+04 2.43045e-03
5.61000e+04 2.40139e-03
5.63000e+04 2.36682e-03
5.65000e+04 2.34081e-03
5.67000e+04 2.31030e-03
5.69000e+04 2.27707e-03
5.71000e+04 2.25327e-03
5.73000e+04 2.22531e-03
5.75000e+04 2.19679e-03
5.77000e+04 2.16840e-03
5.79000e+04 2.14402e-03
5.81000e+04 2.11510e-03
5.83000e+04 2.08920e-03
5.85000e+04 2.06349e-03
5.87000e+04 2.03455e-03
5.89000e+04 2.00515e-03
5.91000e+04 1.97097e-03
5.93000e+04 1.95869e-03
5.95000e+04 1.93705e-03
5.97000e+04 1.91579e-03
5.99000e+04 1.89261e-03
6.01000e+04 1.86945e-03
6.03000e+04 1.84622e-03
6.05000e+04 1.82209e-03
6.07000e+04 1.79996e-03
6.09000e+04 1.77780e-03
6.11000e+04 1.75557e-03
6.13000e+04 1.73577e-03
6.15000e+04 1.71584e-03
6.17000e+04 1.69648e-03
6.19000e+04 1.67613e-03
6.21000e+04 1.65650e-03
6.23000e+04 1.63542e-03
6.25000e+04 1.61485e-03
6.27000e+04 1.59585e-03
6.29000e+04 1.57739e-03
6.31000e+04 1.55866e-03
6.33000e+04 1.54177e-03
6.35000e+04 1.52326e-03
6.37000e+04 1.50651e-03
6.39000e+04 1.48697e-03
6.42000e+04 1.46122e-03
6.46000e+04 1.42816e-03
6.50000e+04 1.39550e-03
6.54000e+04 1.36356e-03
6.58000e+04 1.33298e-03
6.62000e+04 1.30263e-03
6.66000e+04 1.27346e-03
6.70000e+04 1.24512e-03
6.74000e+04 1.21709e-03
6.78000e+04 1.19006e-03
6.82000e+04 1.16378e-03
6.86000e+04 1.13849e-03
6.90000e+04 1.11341e-03
6.94000e+04 1.08919e-03
6.98000e+04 1.06573e-03
7.02000e+04 1.04263e-03
7.06000e+04 1.02049e-03
7.10000e+04 9.98697e-04
7.14000e+04 9.77572e-04
7.18000e+04 9.56790e-04
7.22000e+04 9.36709e-04
7.26000e+04 9.16977e-04
7.30000e+04 8.97962e-04
7.34000e+04 8.79305e-04
7.38000e+04 8.61157e-04
7.42000e+04 8.42310e-04
7.46000e+04 8.21240e-04
7.50000e+04 8.04639e-04
7.54000e+04 7.91887e-04
7.58000e+04 7.76987e-04
7.62000e+04 7.61519e-04
7.66000e+04 7.46341e-04
7.70000e+04 7.31447e-04
7.74000e+04 7.16996e-04
7.78000e+04 7.02937e-04
7.82000e+04 6.89140e-04
7.86000e+04 6.75726e-04
7.90000e+04 6.62604e-04
7.94000e+04 6.49804e-04
7.98000e+04 6.37292e-04
8.02000e+04 6.24937e-04
8.06000e+04 6.12975e-04
8.10000e+04 6.01372e-04
8.14000e+04 5.89959e-04
8.18000e+04 5.78921e-04
8.22000e+04 5.68055e-04
8.26000e+04 5.57469e-04
8.30000e+04 5.47093e-04
8.34000e+04 5.36940e-04
8.38000e+04 5.27043e-04
8.42000e+04 5.17462e-04
8.46000e+04 5.08008e-04
8.50000e+04 4.98767e-04
8.54000e+04 4.89752e-04
8.58000e+04 4.80967e-04
8.62000e+04 4.72369e-04
8.66000e+04 4.63942e-04
8.70000e+04 4.55682e-04
8.74000e+04 4.47654e-04
8.78000e+04 4.39791e-04
8.82000e+04 4.32017e-04
8.86000e+04 4.24468e-04
8.90000e+04 4.17112e-04
8.94000e+04 4.09909e-04
8.98000e+04 4.02802e-04
9.02000e+04 3.95949e-04
9.06000e+04 3.89236e-04
9.10000e+04 3.82483e-04
9.14000e+04 3.76027e-04
9.18000e+04 3.69745e-04
9.22000e+04 3.63569e-04
9.26000e+04 3.57512e-04
9.30000e+04 3.51588e-04
9.34000e+04 3.45728e-04
9.38000e+04 3.40026e-04
9.42000e+04 3.34447e-04
9.46000e+04 3.28963e-04
9.50000e+04 3.23653e-04
9.54000e+04 3.18448e-04
9.58000e+04 3.13354e-04
9.62000e+04 3.08352e-04
9.66000e+04 3.03454e-04
9.70000e+04 2.98640e-04
9.74000e+04 2.93860e-04
9.78000e+04 2.89274e-04
9.82000e+04 2.84797e-04
9.86000e+04 2.80358e-04
9.90000e+04 2.75998e-04
9.94000e+04 2.71711e-04
9.98000e+04 2.67523e-04
1.00200e+05 2.15573e-04
2.00000e+05 1.97375e-05
4.00000e+05 1.55842e-06
6.00000e+05 2.96515e-07
8.00000e+05 1.04722e-07
1.00000e+06 5.01220e-08
1.20000e+06 2.88836e-08
1.40000e+06 1.87178e-08
1.60000e+06 1.33725e-08
