9.10000e+01 2.73836e-03
9.40000e+01 2.71174e-03
9.60000e+01 2.74920e-03
9.80000e+01 2.76799e-03
1.00000e+02 2.78752e-03
1.02000e+02 2.80823e-03
1.04000e+02 2.82987e-03
1.06000e+02 2.85221e-03
1.08000e+02 2.87577e-03
1.10000e+02 2.93354e-03
1.14000e+02 2.95004e-03
1.18000e+02 2.97545e-03
1.21000e+02 3.03654e-03
1.25000e+02 3.03381e-03
1.27000e+02 3.06956e-03
1.28000e+02 3.12571e-03
1.31000e+02 3.10066e-03
1.32000e+02 3.15626e-03
1.34000e+02 3.18289e-03
1.37000e+02 3.21247e-03
1.40000e+02 3.25818e-03
1.43000e+02 3.32062e-03
1.47000e+02 3.36899e-03
1.51000e+02 3.43426e-03
1.55000e+02 3.50186e-03
1.59000e+02 3.55563e-03
1.62000e+02 3.64513e-03
1.66000e+02 3.71205e-03
1.70000e+02 3.78034e-03
1.73000e+02 3.87938e-03
1.77000e+02 3.93606e-03
1.80000e+02 4.00443e-03
1.82000e+02 4.10344e-03
1.86000e+02 4.18245e-03
1.91000e+02 4.24765e-03
1.94000e+02 4.36613e-03
1.98000e+02 4.44215e-03
2.02000e+02 4.51998e-03
2.05000e+02 4.64539e-03
2.10000e+02 4.75418e-03
2.16000e+02 4.85584e-03
2.20000e+02 4.97864e-03
2.23000e+02 5.09692e-03
2.27000e+02 8.99450e-03
2.30000e+02 3.63100e-02
2.34000e+02 3.88902e-02
2.40000e+02 3.72263e-02
2.46000e+02 3.57081e-02
2.52000e+02 3.43088e-02
2.57000e+02 3.32261e-02
2.60000e+02 3.25858e-02
2.64000e+02 3.18125e-02
2.69000e+02 3.07463e-02
2.74000e+02 2.97007e-02
2.79000e+02 2.86197e-02
2.84000e+02 2.78238e-02
2.90000e+02 2.68209e-02
2.96000e+02 2.57443e-02
3.01000e+02 2.48884e-02
3.08000e+02 2.38683e-02
3.18000e+02 2.24105e-02
3.28000e+02 2.10141e-02
3.38000e+02 1.96765e-02
3.48000e+02 1.85007e-02
3.57000e+02 1.77942e-02
3.66000e+02 1.73189e-02
3.75000e+02 1.65071e-02
3.85000e+02 1.55047e-02
3.95000e+02 1.51398e-02
4.05000e+02 1.47451e-02
4.14000e+02 1.41109e-02
4.22000e+02 1.34209e-02
4.30000e+02 1.28724e-02
4.41000e+02 1.24234e-02
4.51000e+02 1.18991e-02
4.60000e+02 1.12538e-02
4.70000e+02 1.07796e-02
4.80000e+02 1.04341e-02
4.90000e+02 9.88120e-03
5.00000e+02 9.67500e-03
5.06000e+02 9.38531e-03
5.12000e+02 9.65217e-03
5.20000e+02 9.31483e-03
5.30000e+02 8.78229e-03
5.40000e+02 8.13936e-03
5.50000e+02 7.78754e-03
5.60000e+02 7.85195e-03
5.70000e+02 7.77720e-03
5.80000e+02 7.50944e-03
5.90000e+02 7.22445e-03
6.00000e+02 6.75319e-03
6.10000e+02 6.44999e-03
6.20000e+02 6.49542e-03
6.30000e+02 6.25279e-03
6.40000e+02 6.17643e-03
6.50000e+02 5.93239e-03
6.58000e+02 5.69178e-03
6.65000e+02 5.71560e-03
6.75000e+02 5.58352e-03
6.85000e+02 5.27678e-03
6.95000e+02 5.20948e-03
7.05000e+02 4.90032e-03
7.16000e+02 4.94978e-03
7.26000e+02 4.86879e-03
7.35000e+02 4.74317e-03
7.45000e+02 4.56762e-03
7.55000e+02 4.39978e-03
7.65000e+02 4.17520e-03
7.75000e+02 4.14221e-03
7.85000e+02 3.95735e-03
7.95000e+02 3.92274e-03
8.05000e+02 3.87331e-03
8.15000e+02 3.78863e-03
8.25000e+02 3.67355e-03
8.35000e+02 3.42341e-03
8.45000e+02 3.47358e-03
8.55000e+02 3.40215e-03
8.65000e+02 3.35443e-03
8.75000e+02 3.28781e-03
8.85000e+02 3.21321e-03
8.95000e+02 3.14192e-03
9.05000e+02 3.35307e-03
9.15000e+02 5.25401e-03
9.25000e+02 7.14553e-03
9.35000e+02 8.87000e-03
9.45000e+02 1.02661e-02
9.55000e+02 1.10971e-02
9.65000e+02 1.08776e-02
9.75000e+02 7.70946e-03
9.85000e+02 9.16203e-03
9.95000e+02 9.34498e-03
1.00500e+03 1.01880e-02
1.01500e+03 1.01672e-02
1.02500e+03 8.77203e-03
1.03500e+03 9.60472e-03
1.04500e+03 1.10821e-02
1.05500e+03 1.08018e-02
1.06500e+03 9.82449e-03
1.07500e+03 9.91186e-03
1.08500e+03 9.36604e-03
1.09500e+03 9.91749e-03
1.10500e+03 9.70496e-03
1.11500e+03 9.38112e-03
1.12500e+03 8.79584e-03
1.13500e+03 9.39139e-03
1.14500e+03 9.21015e-03
1.15500e+03 9.08077e-03
1.16500e+03 8.64817e-03
1.17500e+03 7.26373e-03
1.18500e+03 8.14167e-03
1.19500e+03 7.64767e-03
1.20500e+03 6.97615e-03
1.20872e+03 6.61203e-03
1.20880e+03 8.35989e-03
1.20887e+03 8.60113e-03
1.20894e+03 8.87293e-03
1.20902e+03 9.17850e-03
1.20909e+03 9.52172e-03
1.20916e+03 9.90660e-03
1.20923e+03 1.03371e-02
1.20931e+03 1.08179e-02
1.20938e+03 1.13544e-02
1.20945e+03 1.19518e-02
1.20953e+03 1.26159e-02
1.20960e+03 1.33535e-02
1.20967e+03 1.41710e-02
1.20975e+03 1.50756e-02
1.20982e+03 1.60756e-02
1.20989e+03 1.71791e-02
1.20996e+03 1.83945e-02
1.21004e+03 1.97323e-02
1.21011e+03 2.12024e-02
1.21018e+03 2.28143e-02
1.21026e+03 2.45791e-02
1.21033e+03 2.65099e-02
1.21040e+03 2.86183e-02
1.21047e+03 3.09163e-02
1.21055e+03 3.34192e-02
1.21062e+03 3.61402e-02
1.21069e+03 3.90925e-02
1.21077e+03 4.22938e-02
1.21084e+03 4.57582e-02
1.21091e+03 4.95003e-02
1.21099e+03 5.35397e-02
1.21106e+03 5.78933e-02
1.21113e+03 6.25744e-02
1.21120e+03 6.76003e-02
1.21128e+03 7.29923e-02
1.21135e+03 7.87657e-02
1.21142e+03 8.49356e-02
1.21150e+03 9.15244e-02
1.21157e+03 9.85464e-02
1.21164e+03 1.06016e-01
1.21172e+03 1.13955e-01
1.21179e+03 1.22376e-01
1.21186e+03 1.31291e-01
1.21193e+03 1.40721e-01
1.21201e+03 1.50680e-01
1.21208e+03 1.61172e-01
1.21215e+03 1.72208e-01
1.21223e+03 1.83805e-01
1.21230e+03 1.95968e-01
1.21237e+03 2.08696e-01
1.21244e+03 2.22006e-01
1.21252e+03 2.35893e-01
1.21259e+03 2.50351e-01
1.21266e+03 2.65392e-01
1.21274e+03 2.81003e-01
1.21281e+03 2.97171e-01
1.21288e+03 3.13899e-01
1.21296e+03 3.31176e-01
1.21303e+03 3.48970e-01
1.21310e+03 3.67264e-01
1.21317e+03 3.86051e-01
1.21325e+03 4.05297e-01
1.21332e+03 4.24968e-01
1.21339e+03 4.45049e-01
1.21347e+03 4.65497e-01
1.21354e+03 4.86268e-01
1.21361e+03 5.07337e-01
1.21369e+03 5.28663e-01
1.21376e+03 5.50182e-01
1.21383e+03 5.71844e-01
1.21390e+03 5.93618e-01
1.21398e+03 6.15440e-01
1.21405e+03 6.37245e-01
1.21412e+03 6.58994e-01
1.21420e+03 6.80618e-01
1.21427e+03 7.02047e-01
1.21434e+03 7.23237e-01
1.21441e+03 7.44115e-01
1.21449e+03 7.64609e-01
1.21456e+03 7.84672e-01
1.21463e+03 8.04240e-01
1.21471e+03 8.23231e-01
1.21478e+03 8.41582e-01
1.21485e+03 8.59248e-01
1.21493e+03 8.76242e-01
1.21500e+03 8.92410e-01
1.21507e+03 9.07570e-01
1.21514e+03 9.21814e-01
1.21522e+03 9.35150e-01
1.21529e+03 9.47465e-01
1.21536e+03 9.58707e-01
1.21544e+03 9.68831e-01
1.21551e+03 9.77807e-01
1.21558e+03 9.85599e-01
1.21566e+03 9.92171e-01
1.21573e+03 9.97500e-01
1.21580e+03 1.00157e+00
1.21587e+03 1.00436e+00
1.21595e+03 1.00586e+00
1.21602e+03 1.00607e+00
1.21609e+03 1.00498e+00
1.21617e+03 1.00261e+00
1.21624e+03 9.98948e-01
1.21631e+03 9.94023e-01
1.21638e+03 9.87851e-01
1.21646e+03 9.80452e-01
1.21653e+03 9.71853e-01
1.21660e+03 9.62095e-01
1.21668e+03 9.51214e-01
1.21675e+03 9.39244e-01
1.21682e+03 9.26232e-01
1.21690e+03 9.12234e-01
1.21697e+03 8.97288e-01
1.21704e+03 8.81454e-01
1.21711e+03 8.64796e-01
1.21719e+03 8.47358e-01
1.21726e+03 8.29208e-01
1.21733e+03 8.10415e-01
1.21741e+03 7.91027e-01
1.21748e+03 7.71107e-01
1.21755e+03 7.50736e-01
1.21763e+03 7.29978e-01
1.21770e+03 7.08881e-01
1.21777e+03 6.87516e-01
1.21784e+03 6.65956e-01
1.21792e+03 6.44243e-01
1.21799e+03 6.22447e-01
1.21806e+03 6.00635e-01
1.21814e+03 5.78846e-01
1.21821e+03 5.57142e-01
1.21828e+03 5.35586e-01
1.21835e+03 5.14207e-01
1.21843e+03 4.93053e-01
1.21850e+03 4.72185e-01
1.21857e+03 4.51645e-01
1.21865e+03 4.31453e-01
1.21872e+03 4.11653e-01
1.21879e+03 3.92284e-01
1.21887e+03 3.73359e-01
1.21894e+03 3.54912e-01
1.21901e+03 3.36973e-01
1.21908e+03 3.19546e-01
1.21916e+03 3.02649e-01
1.21923e+03 2.86309e-01
1.21930e+03 2.70536e-01
1.21938e+03 2.55326e-01
1.21945e+03 2.40690e-01
1.21952e+03 2.26637e-01
1.21960e+03 2.13157e-01
1.21967e+03 2.00252e-01
1.21974e+03 1.87926e-01
1.21981e+03 1.76162e-01
1.21989e+03 1.64957e-01
1.21996e+03 1.54308e-01
1.22003e+03 1.44195e-01
1.22011e+03 1.34607e-01
1.22018e+03 1.25538e-01
1.22025e+03 1.16975e-01
1.22032e+03 1.08895e-01
1.22040e+03 1.01287e-01
1.22047e+03 9.41369e-02
1.22054e+03 8.74225e-02
1.22062e+03 8.11294e-02
1.22069e+03 7.52432e-02
1.22076e+03 6.97413e-02
1.22084e+03 6.46088e-02
1.22091e+03 5.98302e-02
1.22098e+03 5.53843e-02
1.22105e+03 5.12542e-02
1.22113e+03 4.74266e-02
1.22120e+03 4.38847e-02
1.22127e+03 4.06094e-02
1.22135e+03 3.75863e-02
1.22142e+03 3.48017e-02
1.22149e+03 3.22382e-02
1.22157e+03 2.98830e-02
1.22164e+03 2.77232e-02
1.22171e+03 2.57440e-02
1.22178e+03 2.39338e-02
1.22186e+03 2.22813e-02
1.22193e+03 2.07739e-02
1.22200e+03 1.94009e-02
1.22208e+03 1.81532e-02
1.22215e+03 1.70213e-02
1.22222e+03 1.59949e-02
1.22229e+03 1.50662e-02
1.22237e+03 1.42275e-02
1.22244e+03 1.34707e-02
1.22251e+03 1.27890e-02
1.22259e+03 1.21764e-02
1.22266e+03 1.16262e-02
1.22273e+03 1.11332e-02
1.22281e+03 1.06923e-02
1.22288e+03 1.02984e-02
1.22295e+03 9.94710e-03
1.22302e+03 9.63465e-03
1.22310e+03 9.35729e-03
1.22317e+03 9.11135e-03
1.22324e+03 8.98907e-03
1.22500e+03 9.37854e-03
1.23500e+03 9.94865e-03
1.24500e+03 1.02047e-02
1.25500e+03 1.01484e-02
1.26500e+03 1.00813e-02
1.27500e+03 1.07743e-02
1.28500e+03 1.10716e-02
1.29500e+03 1.04751e-02
1.30500e+03 1.02908e-02
1.31500e+03 1.12083e-02
1.32500e+03 1.12530e-02
1.33500e+03 1.09503e-02
1.34500e+03 1.16081e-02
1.35500e+03 1.14764e-02
1.36500e+03 1.10577e-02
1.37500e+03 1.11561e-02
1.38500e+03 1.09459e-02
1.39500e+03 1.01358e-02
1.40500e+03 1.00489e-02
1.41500e+03 1.07317e-02
1.42500e+03 1.09518e-02
1.43500e+03 1.09463e-02
1.44200e+03 1.13307e-02
1.44700e+03 1.17806e-02
1.45500e+03 1.16455e-02
1.46500e+03 1.11406e-02
1.47500e+03 1.11321e-02
1.48500e+03 1.14777e-02
1.49500e+03 1.17584e-02
1.50500e+03 1.16973e-02
1.51200e+03 1.11448e-02
1.51700e+03 1.14256e-02
1.52500e+03 1.20413e-02
1.53500e+03 1.21664e-02
1.54500e+03 1.35754e-02
1.55500e+03 1.30740e-02
1.56500e+03 1.31092e-02
1.57500e+03 1.57213e-02
1.58500e+03 1.74945e-02
1.59500e+03 1.91171e-02
1.60500e+03 1.84345e-02
1.61500e+03 1.75524e-02
1.62500e+03 1.60893e-02
1.63500e+03 1.78180e-02
1.64500e+03 2.00117e-02
1.65500e+03 1.70137e-02
1.66500e+03 1.99912e-02
1.67200e+03 1.84072e-02
1.67700e+03 3.87531e-02
1.68500e+03 4.17621e-02
1.69500e+03 3.59231e-02
1.70500e+03 3.75022e-02
1.71500e+03 4.56110e-02
1.72500e+03 4.98819e-02
1.73500e+03 5.65766e-02
1.74500e+03 5.68485e-02
1.75500e+03 6.34140e-02
1.76500e+03 5.38974e-02
1.77500e+03 6.16130e-02
1.78500e+03 6.52076e-02
1.79500e+03 7.94835e-02
1.80500e+03 7.55534e-02
1.81500e+03 7.70796e-02
1.82500e+03 7.27394e-02
1.83500e+03 6.62925e-02
1.84500e+03 5.93957e-02
1.85500e+03 6.98698e-02
1.86500e+03 8.10885e-02
1.87500e+03 7.88163e-02
1.88500e+03 8.11547e-02
1.89500e+03 8.77732e-02
1.90500e+03 8.48106e-02
1.91500e+03 8.74469e-02
1.92500e+03 7.86153e-02
1.93500e+03 6.18257e-02
1.94500e+03 9.03327e-02
1.95500e+03 9.92609e-02
1.96700e+03 1.08700e-01
1.97600e+03 1.06385e-01
1.98400e+03 1.08092e-01
1.99500e+03 1.06047e-01
2.00500e+03 9.85921e-02
2.01500e+03 9.57441e-02
2.02500e+03 9.03990e-02
2.03500e+03 1.04623e-01
2.04500e+03 1.14477e-01
2.05500e+03 1.10121e-01
2.06500e+03 1.06662e-01
2.07400e+03 1.22438e-01
2.07800e+03 1.50162e-01
2.08500e+03 1.53760e-01
2.09500e+03 1.44049e-01
2.10500e+03 1.32522e-01
2.11500e+03 1.35848e-01
2.12500e+03 1.30837e-01
2.13500e+03 1.17141e-01
2.14500e+03 1.34012e-01
2.15500e+03 1.35878e-01
2.16500e+03 1.24879e-01
2.17500e+03 1.25727e-01
2.18500e+03 1.38083e-01
2.19500e+03 1.45536e-01
2.20500e+03 1.36822e-01
2.21500e+03 1.18065e-01
2.22500e+03 1.21029e-01
2.23500e+03 1.43337e-01
2.24500e+03 1.35657e-01
2.25500e+03 1.16989e-01
2.26500e+03 1.16226e-01
2.27500e+03 1.29354e-01
2.28500e+03 1.44761e-01
2.29500e+03 1.35604e-01
2.30500e+03 1.44670e-01
2.31500e+03 1.32238e-01
2.32500e+03 1.00140e-01
2.33500e+03 9.59463e-02
2.34500e+03 8.37225e-02
2.35500e+03 1.14933e-01
2.36500e+03 8.90689e-02
2.37500e+03 9.64472e-02
2.38500e+03 7.07764e-02
2.39500e+03 7.88810e-02
2.40500e+03 8.18188e-02
2.41500e+03 9.63056e-02
2.42500e+03 1.33204e-01
2.43500e+03 1.39867e-01
2.44500e+03 1.55342e-01
2.45500e+03 1.59789e-01
2.46500e+03 1.52683e-01
2.47500e+03 1.37357e-01
2.48500e+03 1.23349e-01
2.49500e+03 1.27920e-01
2.50500e+03 1.57206e-01
2.51300e+03 1.07634e-01
2.51800e+03 8.26920e-02
2.52500e+03 8.57915e-02
2.53500e+03 1.00217e-01
2.54500e+03 1.12606e-01
2.55500e+03 1.41273e-01
2.56500e+03 1.31581e-01
2.57500e+03 1.45880e-01
2.58500e+03 1.41702e-01
2.59500e+03 1.31428e-01
2.60500e+03 1.18539e-01
2.61500e+03 1.12802e-01
2.62500e+03 1.45508e-01
2.63500e+03 1.90375e-01
2.64500e+03 2.47370e-01
2.65500e+03 2.77214e-01
2.66500e+03 2.28044e-01
2.67500e+03 2.43151e-01
2.68500e+03 2.51895e-01
2.69500e+03 2.25788e-01
2.70500e+03 2.38497e-01
2.71500e+03 2.07154e-01
2.72500e+03 1.99948e-01
2.73500e+03 2.08457e-01
2.74500e+03 1.48239e-01
2.75500e+03 1.63649e-01
2.76500e+03 1.93449e-01
2.77500e+03 2.06230e-01
2.78500e+03 1.47149e-01
2.79500e+03 7.42245e-02
2.80500e+03 9.08389e-02
2.81500e+03 1.95278e-01
2.82500e+03 2.60008e-01
2.83500e+03 2.58745e-01
2.84500e+03 2.31880e-01
2.85500e+03 1.99679e-01
2.86500e+03 2.64623e-01
2.87500e+03 2.88773e-01
2.88500e+03 2.81528e-01
2.89500e+03 2.97889e-01
2.91000e+03 3.45961e-01
2.93000e+03 3.27685e-01
2.95000e+03 3.17636e-01
2.97000e+03 3.31739e-01
2.99000e+03 3.39506e-01
3.01000e+03 3.49656e-01
3.03000e+03 3.53601e-01
3.05000e+03 3.63862e-01
3.07000e+03 3.77703e-01
3.09000e+03 3.87365e-01
3.11000e+03 3.94515e-01
3.13000e+03 3.84962e-01
3.15000e+03 3.84455e-01
3.17000e+03 3.86464e-01
3.19000e+03 3.62587e-01
3.21000e+03 3.79099e-01
3.23000e+03 3.62723e-01
3.25000e+03 4.16090e-01
3.27000e+03 4.55687e-01
3.29000e+03 4.55968e-01
3.31000e+03 4.54038e-01
3.33000e+03 4.54617e-01
3.35000e+03 4.45098e-01
3.37000e+03 4.12201e-01
3.39000e+03 4.26997e-01
3.41000e+03 4.35371e-01
3.43000e+03 4.44303e-01
3.45000e+03 4.53959e-01
3.47000e+03 4.59918e-01
3.49000e+03 4.80003e-01
3.51000e+03 4.92175e-01
3.53000e+03 4.77217e-01
3.55000e+03 4.96308e-01
3.57000e+03 4.33901e-01
3.59000e+03 4.27418e-01
3.61000e+03 4.62031e-01
3.63000e+03 4.77789e-01
3.64000e+03 4.93596e-01
3.65000e+03 5.34293e-01
3.67000e+03 5.32421e-01
3.69000e+03 5.09229e-01
3.70466e+03 5.29247e-01
3.70488e+03 5.39813e-01
3.70511e+03 5.40411e-01
3.70533e+03 5.41007e-01
3.70555e+03 5.41602e-01
3.70578e+03 5.42199e-01
3.70600e+03 5.42794e-01
3.70622e+03 5.43390e-01
3.70645e+03 5.43986e-01
3.70667e+03 5.44580e-01
3.70689e+03 5.45176e-01
3.70712e+03 5.45772e-01
3.70734e+03 5.46367e-01
3.70756e+03 5.46962e-01
3.70779e+03 5.47559e-01
3.70801e+03 5.48154e-01
3.70824e+03 5.48750e-01
3.70846e+03 5.49346e-01
3.70868e+03 5.49941e-01
3.70891e+03 5.50537e-01
3.70913e+03 5.51132e-01
3.70935e+03 5.51727e-01
3.70958e+03 5.52323e-01
3.70980e+03 5.52901e-01
3.71000e+03 5.53323e-01
3.71002e+03 5.53165e-01
3.71025e+03 5.52492e-01
3.71047e+03 5.51631e-01
3.71070e+03 5.50773e-01
3.71092e+03 5.49914e-01
3.71114e+03 5.49056e-01
3.71137e+03 5.48197e-01
3.71159e+03 5.47338e-01
3.71181e+03 5.46482e-01
3.71204e+03 5.45627e-01
3.71226e+03 5.44771e-01
3.71248e+03 5.43918e-01
3.71271e+03 5.43066e-01
3.71293e+03 5.42217e-01
3.71316e+03 5.41370e-01
3.71338e+03 5.40525e-01
3.71360e+03 5.39683e-01
3.71383e+03 5.38850e-01
3.71405e+03 5.38018e-01
3.71427e+03 5.37195e-01
3.71450e+03 5.36381e-01
3.71472e+03 5.35580e-01
3.71494e+03 5.34802e-01
3.71517e+03 5.34039e-01
3.71539e+03 5.33291e-01
3.71562e+03 5.32566e-01
3.71584e+03 5.31860e-01
3.71606e+03 5.31183e-01
3.71629e+03 5.30537e-01
3.71651e+03 5.29925e-01
3.71673e+03 5.29354e-01
3.71696e+03 5.28832e-01
3.71718e+03 5.28365e-01
3.71740e+03 5.27957e-01
3.71763e+03 5.27623e-01
3.71785e+03 5.27365e-01
3.71808e+03 5.27199e-01
3.71830e+03 5.27130e-01
3.71852e+03 5.27169e-01
3.71875e+03 5.27335e-01
3.71897e+03 5.27628e-01
3.71919e+03 5.28070e-01
3.71942e+03 5.28668e-01
3.71964e+03 5.29435e-01
3.71986e+03 5.30387e-01
3.72009e+03 5.31537e-01
3.72031e+03 5.32888e-01
3.72053e+03 5.34459e-01
3.72076e+03 5.36259e-01
3.72098e+03 5.38292e-01
3.72121e+03 5.40569e-01
3.72143e+03 5.43092e-01
3.72165e+03 5.45863e-01
3.72188e+03 5.48886e-01
3.72210e+03 5.52154e-01
3.72232e+03 5.55662e-01
3.72255e+03 5.59404e-01
3.72277e+03 5.63361e-01
3.72299e+03 5.67520e-01
3.72322e+03 5.71863e-01
3.72344e+03 5.76362e-01
3.72367e+03 5.80995e-01
3.72389e+03 5.85724e-01
3.72411e+03 5.90518e-01
3.72434e+03 5.95341e-01
3.72456e+03 6.00149e-01
3.72478e+03 6.04898e-01
3.72501e+03 6.09553e-01
3.72523e+03 6.14062e-01
3.72545e+03 6.18378e-01
3.72568e+03 6.22461e-01
3.72590e+03 6.26259e-01
3.72613e+03 6.29731e-01
3.72635e+03 6.32831e-01
3.72657e+03 6.35522e-01
3.72680e+03 6.37773e-01
3.72702e+03 6.39545e-01
3.72724e+03 6.40812e-01
3.72747e+03 6.41558e-01
3.72769e+03 6.41757e-01
3.72791e+03 6.41402e-01
3.72814e+03 6.40490e-01
3.72836e+03 6.39018e-01
3.72859e+03 6.36997e-01
3.72881e+03 6.34434e-01
3.72903e+03 6.31349e-01
3.72926e+03 6.27773e-01
3.72948e+03 6.23728e-01
3.72970e+03 6.19245e-01
3.72993e+03 6.15228e-01
3.73000e+03 6.12430e-01
3.73015e+03 6.09968e-01
3.73037e+03 6.06404e-01
3.73060e+03 6.02274e-01
3.73082e+03 5.97915e-01
3.73105e+03 5.93381e-01
3.73127e+03 5.88708e-01
3.73149e+03 5.83949e-01
3.73172e+03 5.79148e-01
3.73194e+03 5.74342e-01
3.73216e+03 5.69572e-01
3.73239e+03 5.64882e-01
3.73261e+03 5.60295e-01
3.73283e+03 5.55844e-01
3.73306e+03 5.51564e-01
3.73328e+03 5.47464e-01
3.73351e+03 5.43577e-01
3.73373e+03 5.39910e-01
3.73395e+03 5.36475e-01
3.73418e+03 5.33284e-01
3.73440e+03 5.30338e-01
3.73462e+03 5.27641e-01
3.73485e+03 5.25198e-01
3.73507e+03 5.22996e-01
3.73529e+03 5.21035e-01
3.73552e+03 5.19309e-01
3.73574e+03 5.17808e-01
3.73596e+03 5.16520e-01
3.73619e+03 5.15438e-01
3.73641e+03 5.14546e-01
3.73664e+03 5.13837e-01
3.73686e+03 5.13292e-01
3.73708e+03 5.12902e-01
3.73731e+03 5.12656e-01
3.73753e+03 5.12538e-01
3.73775e+03 5.12540e-01
3.73798e+03 5.12649e-01
3.73820e+03 5.12851e-01
3.73842e+03 5.13142e-01
3.73865e+03 5.13509e-01
3.73887e+03 5.13943e-01
3.73910e+03 5.14441e-01
3.73932e+03 5.14988e-01
3.73954e+03 5.15580e-01
3.73977e+03 5.16215e-01
3.73999e+03 5.16882e-01
3.74021e+03 5.17579e-01
3.74044e+03 5.18306e-01
3.74066e+03 5.19050e-01
3.74088e+03 5.19812e-01
3.74111e+03 5.20593e-01
3.74133e+03 5.21386e-01
3.74156e+03 5.22191e-01
3.74178e+03 5.23004e-01
3.74200e+03 5.23822e-01
3.74223e+03 5.24653e-01
3.74245e+03 5.25485e-01
3.74267e+03 5.26319e-01
3.74290e+03 5.27160e-01
3.74312e+03 5.28003e-01
3.74334e+03 5.28847e-01
3.74357e+03 5.29697e-01
3.74379e+03 5.30545e-01
3.74402e+03 5.31396e-01
3.74424e+03 5.32246e-01
3.74446e+03 5.33098e-01
3.74469e+03 5.33951e-01
3.74491e+03 5.34804e-01
3.74513e+03 5.35656e-01
3.74536e+03 5.36510e-01
3.74558e+03 5.37364e-01
3.74580e+03 5.38216e-01
3.74603e+03 5.39074e-01
3.74625e+03 5.39926e-01
3.74648e+03 5.40780e-01
3.74670e+03 5.41634e-01
3.74692e+03 5.42489e-01
3.74715e+03 5.43343e-01
3.74737e+03 5.44197e-01
3.74759e+03 5.45050e-01
3.74782e+03 5.45907e-01
3.74804e+03 5.46760e-01
3.74826e+03 5.47614e-01
3.74849e+03 5.48469e-01
3.74871e+03 5.49324e-01
3.74893e+03 5.50175e-01
3.74916e+03 5.51626e-01
3.75000e+03 5.73034e-01
3.77000e+03 6.29900e-01
3.79000e+03 6.89972e-01
3.81000e+03 7.05951e-01
3.83000e+03 5.92921e-01
3.85000e+03 7.05970e-01
3.87000e+03 7.44514e-01
3.89000e+03 6.87300e-01
3.91000e+03 7.71292e-01
3.93000e+03 5.70737e-01
3.95000e+03 6.81155e-01
3.97000e+03 5.75491e-01
3.99000e+03 8.73066e-01
4.01000e+03 9.84075e-01
4.03000e+03 9.88607e-01
4.05000e+03 9.64514e-01
4.07000e+03 9.37553e-01
4.07820e+03 9.38360e-01
4.07845e+03 9.41715e-01
4.07870e+03 9.41989e-01
4.07894e+03 9.42260e-01
4.07919e+03 9.42532e-01
4.07943e+03 9.42806e-01
4.07968e+03 9.43078e-01
4.07993e+03 9.43349e-01
4.08017e+03 9.43622e-01
4.08042e+03 9.43894e-01
4.08066e+03 9.44166e-01
4.08091e+03 9.44438e-01
4.08116e+03 9.44710e-01
4.08140e+03 9.44983e-01
4.08165e+03 9.45255e-01
4.08190e+03 9.45526e-01
4.08214e+03 9.45798e-01
4.08239e+03 9.46070e-01
4.08263e+03 9.46341e-01
4.08288e+03 9.46611e-01
4.08313e+03 9.46884e-01
4.08337e+03 9.47156e-01
4.08362e+03 9.47427e-01
4.08386e+03 9.47697e-01
4.08411e+03 9.47970e-01
4.08436e+03 9.48242e-01
4.08460e+03 9.48512e-01
4.08485e+03 9.48784e-01
4.08510e+03 9.49055e-01
4.08534e+03 9.49327e-01
4.08559e+03 9.49597e-01
4.08583e+03 9.49869e-01
4.08608e+03 9.50141e-01
4.08633e+03 9.50413e-01
4.08657e+03 9.50685e-01
4.08682e+03 9.50958e-01
4.08706e+03 9.51233e-01
4.08731e+03 9.51506e-01
4.08756e+03 9.51780e-01
4.08780e+03 9.52056e-01
4.08805e+03 9.52333e-01
4.08830e+03 9.52612e-01
4.08854e+03 9.52890e-01
4.08879e+03 9.53171e-01
4.08903e+03 9.53456e-01
4.08928e+03 9.53743e-01
4.08953e+03 9.54033e-01
4.08977e+03 9.54320e-01
4.09000e+03 9.54515e-01
4.09002e+03 9.54242e-01
4.09026e+03 9.53248e-01
4.09051e+03 9.51993e-01
4.09076e+03 9.50746e-01
4.09100e+03 9.49508e-01
4.09125e+03 9.48280e-01
4.09150e+03 9.47062e-01
4.09174e+03 9.45855e-01
4.09199e+03 9.44662e-01
4.09223e+03 9.43484e-01
4.09248e+03 9.42322e-01
4.09273e+03 9.41178e-01
4.09297e+03 9.40054e-01
4.09322e+03 9.38950e-01
4.09347e+03 9.37869e-01
4.09371e+03 9.36813e-01
4.09396e+03 9.35785e-01
4.09420e+03 9.34784e-01
4.09445e+03 9.33813e-01
4.09470e+03 9.32874e-01
4.09494e+03 9.31967e-01
4.09519e+03 9.31093e-01
4.09543e+03 9.30253e-01
4.09568e+03 9.29448e-01
4.09593e+03 9.28678e-01
4.09617e+03 9.27944e-01
4.09642e+03 9.27240e-01
4.09667e+03 9.26574e-01
4.09691e+03 9.25938e-01
4.09716e+03 9.25330e-01
4.09740e+03 9.24748e-01
4.09765e+03 9.24191e-01
4.09790e+03 9.23657e-01
4.09814e+03 9.23138e-01
4.09839e+03 9.22630e-01
4.09863e+03 9.22127e-01
4.09888e+03 9.21629e-01
4.09913e+03 9.21124e-01
4.09937e+03 9.20609e-01
4.09962e+03 9.20080e-01
4.09987e+03 9.19526e-01
4.10011e+03 9.18943e-01
4.10036e+03 9.18324e-01
4.10060e+03 9.17662e-01
4.10085e+03 9.16954e-01
4.10110e+03 9.16192e-01
4.10134e+03 9.15371e-01
4.10159e+03 9.14488e-01
4.10183e+03 9.13535e-01
4.10208e+03 9.12510e-01
4.10233e+03 9.11412e-01
4.10257e+03 9.10240e-01
4.10282e+03 9.08991e-01
4.10307e+03 9.07664e-01
4.10331e+03 9.06260e-01
4.10356e+03 9.04781e-01
4.10380e+03 9.03219e-01
4.10405e+03 9.01586e-01
4.10430e+03 8.99885e-01
4.10454e+03 8.98125e-01
4.10479e+03 8.96306e-01
4.10503e+03 8.94434e-01
4.10528e+03 8.92514e-01
4.10553e+03 8.90555e-01
4.10577e+03 8.88564e-01
4.10602e+03 8.86544e-01
4.10627e+03 8.84501e-01
4.10651e+03 8.82445e-01
4.10676e+03 8.80379e-01
4.10700e+03 8.78309e-01
4.10725e+03 8.76244e-01
4.10750e+03 8.74184e-01
4.10774e+03 8.72140e-01
4.10799e+03 8.70113e-01
4.10823e+03 8.68102e-01
4.10848e+03 8.66107e-01
4.10873e+03 8.64141e-01
4.10897e+03 8.62208e-01
4.10922e+03 8.60307e-01
4.10947e+03 8.58438e-01
4.10971e+03 8.56603e-01
4.10996e+03 8.55148e-01
4.11000e+03 8.54709e-01
4.11020e+03 8.55416e-01
4.11045e+03 8.56441e-01
4.11070e+03 8.57547e-01
4.11094e+03 8.58688e-01
4.11119e+03 8.59859e-01
4.11144e+03 8.61059e-01
4.11168e+03 8.62291e-01
4.11193e+03 8.63547e-01
4.11217e+03 8.64830e-01
4.11242e+03 8.66135e-01
4.11267e+03 8.67463e-01
4.11291e+03 8.68811e-01
4.11316e+03 8.70178e-01
4.11340e+03 8.71562e-01
4.11365e+03 8.72960e-01
4.11390e+03 8.74370e-01
4.11414e+03 8.75794e-01
4.11439e+03 8.77224e-01
4.11464e+03 8.78662e-01
4.11488e+03 8.80113e-01
4.11513e+03 8.81567e-01
4.11537e+03 8.83030e-01
4.11562e+03 8.84496e-01
4.11587e+03 8.85968e-01
4.11611e+03 8.87444e-01
4.11636e+03 8.88923e-01
4.11660e+03 8.90406e-01
4.11685e+03 8.91891e-01
4.11710e+03 8.93376e-01
4.11734e+03 8.94865e-01
4.11759e+03 8.96354e-01
4.11784e+03 8.97844e-01
4.11808e+03 8.99336e-01
4.11833e+03 9.00827e-01
4.11857e+03 9.02319e-01
4.11882e+03 9.03812e-01
4.11907e+03 9.05301e-01
4.11931e+03 9.06794e-01
4.11956e+03 9.08286e-01
4.11981e+03 9.09765e-01
4.12005e+03 9.11242e-01
4.12030e+03 9.12718e-01
4.12054e+03 9.14194e-01
4.12079e+03 9.15667e-01
4.12104e+03 9.17142e-01
4.12128e+03 9.18619e-01
4.12153e+03 9.20092e-01
4.12177e+03 9.21567e-01
4.12202e+03 9.23038e-01
4.12227e+03 9.24512e-01
4.12251e+03 9.25984e-01
4.12276e+03 9.27454e-01
4.12301e+03 9.28927e-01
4.12325e+03 9.30399e-01
4.12350e+03 9.31869e-01
4.12374e+03 9.33338e-01
4.12399e+03 9.34807e-01
4.12424e+03 9.36277e-01
4.12448e+03 9.37745e-01
4.12473e+03 9.39213e-01
4.12497e+03 9.40683e-01
4.12522e+03 9.42148e-01
4.12547e+03 9.43615e-01
4.12571e+03 9.45082e-01
4.12596e+03 9.46546e-01
4.12621e+03 9.48011e-01
4.12645e+03 9.49477e-01
4.12670e+03 9.50939e-01
4.12694e+03 9.52404e-01
4.12719e+03 9.58071e-01
4.13000e+03 9.76538e-01
4.15000e+03 9.85285e-01
4.17000e+03 9.84233e-01
4.19000e+03 9.76310e-01
4.21000e+03 9.79607e-01
4.23000e+03 9.64143e-01
4.25000e+03 9.74785e-01
4.27000e+03 9.44133e-01
4.29000e+03 9.04295e-01
4.31000e+03 8.33338e-01
4.31565e+03 8.34509e-01
4.31591e+03 8.42598e-01
4.31617e+03 8.43783e-01
4.31643e+03 8.44967e-01
4.31669e+03 8.46151e-01
4.31695e+03 8.47333e-01
4.31721e+03 8.48517e-01
4.31747e+03 8.49699e-01
4.31773e+03 8.50881e-01
4.31799e+03 8.52060e-01
4.31825e+03 8.53242e-01
4.31852e+03 8.54421e-01
4.31878e+03 8.55599e-01
4.31904e+03 8.56780e-01
4.31930e+03 8.57959e-01
4.31956e+03 8.59136e-01
4.31982e+03 8.60315e-01
4.32008e+03 8.61492e-01
4.32034e+03 8.62670e-01
4.32060e+03 8.63846e-01
4.32086e+03 8.65023e-01
4.32112e+03 8.66199e-01
4.32138e+03 8.67374e-01
4.32164e+03 8.68549e-01
4.32190e+03 8.69725e-01
4.32216e+03 8.70898e-01
4.32242e+03 8.72073e-01
4.32268e+03 8.73247e-01
4.32294e+03 8.74421e-01
4.32320e+03 8.75594e-01
4.32346e+03 8.76768e-01
4.32373e+03 8.77938e-01
4.32399e+03 8.79111e-01
4.32425e+03 8.80284e-01
4.32451e+03 8.81458e-01
4.32477e+03 8.82630e-01
4.32503e+03 8.83805e-01
4.32529e+03 8.84979e-01
4.32555e+03 8.86154e-01
4.32581e+03 8.87333e-01
4.32607e+03 8.88510e-01
4.32633e+03 8.89691e-01
4.32659e+03 8.90873e-01
4.32685e+03 8.92059e-01
4.32711e+03 8.93247e-01
4.32737e+03 8.94441e-01
4.32763e+03 8.95641e-01
4.32789e+03 8.96846e-01
4.32815e+03 8.98057e-01
4.32841e+03 8.99277e-01
4.32867e+03 9.00506e-01
4.32894e+03 9.01745e-01
4.32920e+03 9.02998e-01
4.32946e+03 9.04266e-01
4.32972e+03 9.05550e-01
4.32998e+03 9.06516e-01
4.33000e+03 9.06862e-01
4.33024e+03 9.06366e-01
4.33050e+03 9.05752e-01
4.33076e+03 9.05153e-01
4.33102e+03 9.04584e-01
4.33128e+03 9.04045e-01
4.33154e+03 9.03541e-01
4.33180e+03 9.03076e-01
4.33206e+03 9.02649e-01
4.33232e+03 9.02266e-01
4.33258e+03 9.01929e-01
4.33284e+03 9.01639e-01
4.33310e+03 9.01399e-01
4.33336e+03 9.01213e-01
4.33362e+03 9.01080e-01
4.33388e+03 9.01003e-01
4.33415e+03 9.00980e-01
4.33441e+03 9.01016e-01
4.33467e+03 9.01108e-01
4.33493e+03 9.01256e-01
4.33519e+03 9.01457e-01
4.33545e+03 9.01708e-01
4.33571e+03 9.02009e-01
4.33597e+03 9.02352e-01
4.33623e+03 9.02736e-01
4.33649e+03 9.03150e-01
4.33675e+03 9.03590e-01
4.33701e+03 9.04051e-01
4.33727e+03 9.04524e-01
4.33753e+03 9.04997e-01
4.33779e+03 9.05462e-01
4.33805e+03 9.05911e-01
4.33831e+03 9.06331e-01
4.33857e+03 9.06715e-01
4.33883e+03 9.07051e-01
4.33909e+03 9.07329e-01
4.33935e+03 9.07537e-01
4.33962e+03 9.07666e-01
4.33988e+03 9.07709e-01
4.34014e+03 9.07655e-01
4.34040e+03 9.07499e-01
4.34066e+03 9.07232e-01
4.34092e+03 9.06850e-01
4.34118e+03 9.06344e-01
4.34144e+03 9.05718e-01
4.34170e+03 9.04965e-01
4.34196e+03 9.04085e-01
4.34222e+03 9.03082e-01
4.34248e+03 9.01954e-01
4.34274e+03 9.00708e-01
4.34300e+03 8.99347e-01
4.34326e+03 8.97879e-01
4.34352e+03 8.96305e-01
4.34378e+03 8.94642e-01
4.34404e+03 8.92891e-01
4.34430e+03 8.91065e-01
4.34457e+03 8.89170e-01
4.34483e+03 8.87222e-01
4.34509e+03 8.85228e-01
4.34535e+03 8.83201e-01
4.34561e+03 8.81147e-01
4.34587e+03 8.79079e-01
4.34613e+03 8.77007e-01
4.34639e+03 8.74938e-01
4.34665e+03 8.72884e-01
4.34691e+03 8.70849e-01
4.34717e+03 8.68843e-01
4.34743e+03 8.66871e-01
4.34769e+03 8.64940e-01
4.34795e+03 8.63052e-01
4.34821e+03 8.61213e-01
4.34847e+03 8.59429e-01
4.34873e+03 8.57695e-01
4.34899e+03 8.56019e-01
4.34925e+03 8.54398e-01
4.34951e+03 8.52836e-01
4.34978e+03 8.51370e-01
4.35000e+03 8.50316e-01
4.35004e+03 8.50666e-01
4.35030e+03 8.51923e-01
4.35056e+03 8.53605e-01
4.35082e+03 8.55339e-01
4.35108e+03 8.57117e-01
4.35134e+03 8.58941e-01
4.35160e+03 8.60804e-01
4.35186e+03 8.62707e-01
4.35212e+03 8.64645e-01
4.35238e+03 8.66614e-01
4.35264e+03 8.68614e-01
4.35290e+03 8.70641e-01
4.35316e+03 8.72693e-01
4.35342e+03 8.74767e-01
4.35368e+03 8.76860e-01
4.35394e+03 8.78971e-01
4.35420e+03 8.81097e-01
4.35446e+03 8.83239e-01
4.35472e+03 8.85390e-01
4.35499e+03 8.87550e-01
4.35525e+03 8.89721e-01
4.35551e+03 8.91901e-01
4.35577e+03 8.94085e-01
4.35603e+03 8.96276e-01
4.35629e+03 8.98470e-01
4.35655e+03 9.00670e-01
4.35681e+03 9.02871e-01
4.35707e+03 9.05075e-01
4.35733e+03 9.07281e-01
4.35759e+03 9.09489e-01
4.35785e+03 9.11697e-01
4.35811e+03 9.13907e-01
4.35837e+03 9.16118e-01
4.35863e+03 9.18328e-01
4.35889e+03 9.20537e-01
4.35915e+03 9.22749e-01
4.35941e+03 9.24959e-01
4.35967e+03 9.27167e-01
4.35993e+03 9.29377e-01
4.36020e+03 9.31582e-01
4.36046e+03 9.33791e-01
4.36072e+03 9.35999e-01
4.36098e+03 9.38207e-01
4.36124e+03 9.40414e-01
4.36150e+03 9.42620e-01
4.36176e+03 9.44823e-01
4.36202e+03 9.47028e-01
4.36228e+03 9.49231e-01
4.36254e+03 9.51434e-01
4.36280e+03 9.53636e-01
4.36306e+03 9.55836e-01
4.36332e+03 9.58038e-01
4.36358e+03 9.60235e-01
4.36384e+03 9.62434e-01
4.36410e+03 9.64632e-01
4.36436e+03 9.66829e-01
4.36462e+03 9.69025e-01
4.36488e+03 9.71220e-01
4.36515e+03 9.73413e-01
4.36541e+03 9.75608e-01
4.36567e+03 9.77800e-01
4.36593e+03 9.79993e-01
4.36619e+03 9.82182e-01
4.36645e+03 9.84373e-01
4.36671e+03 9.86564e-01
4.36697e+03 9.88753e-01
4.36723e+03 9.90940e-01
4.36749e+03 9.98229e-01
4.37000e+03 1.00431e+00
4.39000e+03 9.69771e-01
4.41000e+03 9.84277e-01
4.43000e+03 1.01178e+00
4.45000e+03 1.02691e+00
4.47000e+03 1.05782e+00
4.49000e+03 1.08030e+00
4.51000e+03 1.13875e+00
4.53000e+03 1.07539e+00
4.55000e+03 1.08538e+00
4.57000e+03 1.12844e+00
4.59000e+03 1.09740e+00
4.61000e+03 1.10293e+00
4.63000e+03 1.08310e+00
4.65000e+03 1.08976e+00
4.67000e+03 1.10445e+00
4.69000e+03 1.08256e+00
4.71000e+03 1.05853e+00
4.73000e+03 1.08903e+00
4.75000e+03 1.10966e+00
4.77000e+03 1.10622e+00
4.79000e+03 1.10308e+00
4.81000e+03 1.10115e+00
4.83000e+03 1.11202e+00
4.83484e+03 1.09901e+00
4.83513e+03 1.09211e+00
4.83542e+03 1.09069e+00
4.83571e+03 1.08927e+00
4.83600e+03 1.08786e+00
4.83629e+03 1.08644e+00
4.83659e+03 1.08502e+00
4.83688e+03 1.08360e+00
4.83717e+03 1.08219e+00
4.83746e+03 1.08078e+00
4.83775e+03 1.07935e+00
4.83805e+03 1.07795e+00
4.83834e+03 1.07653e+00
4.83863e+03 1.07511e+00
4.83892e+03 1.07369e+00
4.83921e+03 1.07229e+00
4.83950e+03 1.07088e+00
4.83980e+03 1.06946e+00
4.84009e+03 1.06805e+00
4.84038e+03 1.06662e+00
4.84067e+03 1.06522e+00
4.84096e+03 1.06380e+00
4.84126e+03 1.06240e+00
4.84155e+03 1.06097e+00
4.84184e+03 1.05957e+00
4.84213e+03 1.05816e+00
4.84242e+03 1.05675e+00
4.84272e+03 1.05536e+00
4.84301e+03 1.05394e+00
4.84330e+03 1.05255e+00
4.84359e+03 1.05115e+00
4.84388e+03 1.04977e+00
4.84417e+03 1.04838e+00
4.84447e+03 1.04701e+00
4.84476e+03 1.04564e+00
4.84505e+03 1.04428e+00
4.84534e+03 1.04292e+00
4.84563e+03 1.04159e+00
4.84593e+03 1.04027e+00
4.84622e+03 1.03897e+00
4.84651e+03 1.03767e+00
4.84680e+03 1.03641e+00
4.84709e+03 1.03518e+00
4.84738e+03 1.03396e+00
4.84768e+03 1.03278e+00
4.84797e+03 1.03165e+00
4.84826e+03 1.03054e+00
4.84855e+03 1.02947e+00
4.84884e+03 1.02846e+00
4.84914e+03 1.02751e+00
4.84943e+03 1.02662e+00
4.84972e+03 1.02580e+00
4.85000e+03 1.02522e+00
4.85001e+03 1.02479e+00
4.85030e+03 1.02410e+00
4.85059e+03 1.02326e+00
4.85089e+03 1.02250e+00
4.85118e+03 1.02183e+00
4.85147e+03 1.02127e+00
4.85176e+03 1.02080e+00
4.85205e+03 1.02042e+00
4.85235e+03 1.02016e+00
4.85264e+03 1.02000e+00
4.85293e+03 1.01994e+00
4.85322e+03 1.01998e+00
4.85351e+03 1.02013e+00
4.85381e+03 1.02038e+00
4.85410e+03 1.02073e+00
4.85439e+03 1.02116e+00
4.85468e+03 1.02166e+00
4.85497e+03 1.02224e+00
4.85526e+03 1.02288e+00
4.85556e+03 1.02356e+00
4.85585e+03 1.02428e+00
4.85614e+03 1.02501e+00
4.85643e+03 1.02575e+00
4.85672e+03 1.02645e+00
4.85702e+03 1.02713e+00
4.85731e+03 1.02775e+00
4.85760e+03 1.02830e+00
4.85789e+03 1.02876e+00
4.85818e+03 1.02909e+00
4.85847e+03 1.02929e+00
4.85877e+03 1.02934e+00
4.85906e+03 1.02925e+00
4.85935e+03 1.02895e+00
4.85964e+03 1.02846e+00
4.85993e+03 1.02775e+00
4.86023e+03 1.02682e+00
4.86052e+03 1.02569e+00
4.86081e+03 1.02430e+00
4.86110e+03 1.02269e+00
4.86139e+03 1.02083e+00
4.86168e+03 1.01875e+00
4.86198e+03 1.01643e+00
4.86227e+03 1.01390e+00
4.86256e+03 1.01115e+00
4.86285e+03 1.00820e+00
4.86314e+03 1.00505e+00
4.86344e+03 1.00176e+00
4.86373e+03 9.98290e-01
4.86402e+03 9.94686e-01
4.86431e+03 9.90961e-01
4.86460e+03 9.87140e-01
4.86490e+03 9.83238e-01
4.86519e+03 9.79272e-01
4.86548e+03 9.75265e-01
4.86577e+03 9.71234e-01
4.86606e+03 9.67193e-01
4.86635e+03 9.63169e-01
4.86665e+03 9.59175e-01
4.86694e+03 9.55217e-01
4.86723e+03 9.51316e-01
4.86752e+03 9.47482e-01
4.86781e+03 9.43724e-01
4.86811e+03 9.40052e-01
4.86840e+03 9.36474e-01
4.86869e+03 9.32988e-01
4.86898e+03 9.29606e-01
4.86927e+03 9.26329e-01
4.86956e+03 9.23154e-01
4.86986e+03 9.20471e-01
4.87000e+03 9.18885e-01
4.87015e+03 9.19515e-01
4.87044e+03 9.20836e-01
4.87073e+03 9.22434e-01
4.87102e+03 9.24127e-01
4.87132e+03 9.25914e-01
4.87161e+03 9.27785e-01
4.87190e+03 9.29738e-01
4.87219e+03 9.31769e-01
4.87248e+03 9.33870e-01
4.87277e+03 9.36038e-01
4.87307e+03 9.38272e-01
4.87336e+03 9.40549e-01
4.87365e+03 9.42874e-01
4.87394e+03 9.45242e-01
4.87423e+03 9.47655e-01
4.87453e+03 9.50109e-01
4.87482e+03 9.52592e-01
4.87511e+03 9.55103e-01
4.87540e+03 9.57642e-01
4.87569e+03 9.60201e-01
4.87598e+03 9.62783e-01
4.87628e+03 9.65383e-01
4.87657e+03 9.67997e-01
4.87686e+03 9.70623e-01
4.87715e+03 9.73259e-01
4.87744e+03 9.75907e-01
4.87774e+03 9.78563e-01
4.87803e+03 9.81223e-01
4.87832e+03 9.83891e-01
4.87861e+03 9.86562e-01
4.87890e+03 9.89239e-01
4.87920e+03 9.91921e-01
4.87949e+03 9.94604e-01
4.87978e+03 9.97286e-01
4.88007e+03 9.99973e-01
4.88036e+03 1.00266e+00
4.88065e+03 1.00535e+00
4.88095e+03 1.00804e+00
4.88124e+03 1.01074e+00
4.88153e+03 1.01343e+00
4.88182e+03 1.01612e+00
4.88211e+03 1.01880e+00
4.88241e+03 1.02150e+00
4.88270e+03 1.02419e+00
4.88299e+03 1.02688e+00
4.88328e+03 1.02958e+00
4.88357e+03 1.03227e+00
4.88386e+03 1.03496e+00
4.88416e+03 1.03766e+00
4.88445e+03 1.04035e+00
4.88474e+03 1.04304e+00
4.88503e+03 1.04575e+00
4.88532e+03 1.04842e+00
4.88562e+03 1.05109e+00
4.88591e+03 1.05376e+00
4.88620e+03 1.05643e+00
4.88649e+03 1.05911e+00
4.88678e+03 1.06178e+00
4.88707e+03 1.06444e+00
4.88737e+03 1.06711e+00
4.88766e+03 1.06978e+00
4.88795e+03 1.07245e+00
4.88824e+03 1.07512e+00
4.88853e+03 1.07779e+00
4.88883e+03 1.08048e+00
4.88912e+03 1.08313e+00
4.88941e+03 1.08580e+00
4.88970e+03 1.08849e+00
4.89000e+03 1.09088e+00
4.89029e+03 1.09145e+00
4.89058e+03 1.09168e+00
4.89087e+03 1.09192e+00
4.89116e+03 1.09214e+00
4.89145e+03 1.09233e+00
4.89174e+03 1.09255e+00
4.89204e+03 1.09275e+00
4.89233e+03 1.09295e+00
4.89262e+03 1.09316e+00
4.89291e+03 1.09740e+00
4.91000e+03 1.10219e+00
4.92877e+03 1.08765e+00
4.92907e+03 1.08519e+00
4.92936e+03 1.08488e+00
4.92966e+03 1.08456e+00
4.92996e+03 1.08427e+00
4.93000e+03 1.08432e+00
4.93026e+03 1.08472e+00
4.93055e+03 1.08525e+00
4.93085e+03 1.08582e+00
4.93115e+03 1.08640e+00
4.93145e+03 1.08695e+00
4.93174e+03 1.08753e+00
4.93204e+03 1.08809e+00
4.93234e+03 1.08866e+00
4.93264e+03 1.08924e+00
4.93293e+03 1.08981e+00
4.93323e+03 1.09038e+00
4.93353e+03 1.09092e+00
4.93383e+03 1.09149e+00
4.93412e+03 1.09207e+00
4.93442e+03 1.09264e+00
4.93472e+03 1.09322e+00
4.93502e+03 1.09377e+00
4.93531e+03 1.09432e+00
4.93561e+03 1.09490e+00
4.93591e+03 1.09547e+00
4.93621e+03 1.09605e+00
4.93650e+03 1.09660e+00
4.93680e+03 1.09716e+00
4.93710e+03 1.09773e+00
4.93740e+03 1.09829e+00
4.93769e+03 1.09887e+00
4.93799e+03 1.09943e+00
4.93829e+03 1.09999e+00
4.93859e+03 1.10055e+00
4.93888e+03 1.10112e+00
4.93918e+03 1.10168e+00
4.93948e+03 1.10224e+00
4.93978e+03 1.10281e+00
4.94007e+03 1.10339e+00
4.94037e+03 1.10395e+00
4.94067e+03 1.10451e+00
4.94097e+03 1.10508e+00
4.94126e+03 1.10565e+00
4.94156e+03 1.10620e+00
4.94186e+03 1.10679e+00
4.94216e+03 1.10735e+00
4.94245e+03 1.10793e+00
4.94275e+03 1.10851e+00
4.94305e+03 1.10907e+00
4.94335e+03 1.10967e+00
4.94364e+03 1.11025e+00
4.94394e+03 1.11083e+00
4.94424e+03 1.11143e+00
4.94454e+03 1.11202e+00
4.94483e+03 1.11264e+00
4.94513e+03 1.11324e+00
4.94543e+03 1.11384e+00
4.94573e+03 1.11449e+00
4.94602e+03 1.11511e+00
4.94632e+03 1.11575e+00
4.94662e+03 1.11642e+00
4.94692e+03 1.11709e+00
4.94721e+03 1.11779e+00
4.94751e+03 1.11846e+00
4.94781e+03 1.11916e+00
4.94811e+03 1.11991e+00
4.94840e+03 1.12065e+00
4.94870e+03 1.12140e+00
4.94900e+03 1.12220e+00
4.94930e+03 1.12298e+00
4.94959e+03 1.12381e+00
4.94989e+03 1.12448e+00
4.95000e+03 1.12497e+00
4.95019e+03 1.12506e+00
4.95049e+03 1.12516e+00
4.95078e+03 1.12530e+00
4.95108e+03 1.12545e+00
4.95138e+03 1.12565e+00
4.95168e+03 1.12583e+00
4.95197e+03 1.12605e+00
4.95227e+03 1.12629e+00
4.95257e+03 1.12653e+00
4.95287e+03 1.12676e+00
4.95316e+03 1.12703e+00
4.95346e+03 1.12729e+00
4.95376e+03 1.12756e+00
4.95406e+03 1.12781e+00
4.95435e+03 1.12806e+00
4.95465e+03 1.12832e+00
4.95495e+03 1.12854e+00
4.95525e+03 1.12873e+00
4.95554e+03 1.12894e+00
4.95584e+03 1.12910e+00
4.95614e+03 1.12923e+00
4.95644e+03 1.12936e+00
4.95673e+03 1.12942e+00
4.95703e+03 1.12945e+00
4.95733e+03 1.12944e+00
4.95763e+03 1.12939e+00
4.95792e+03 1.12931e+00
4.95822e+03 1.12917e+00
4.95852e+03 1.12897e+00
4.95882e+03 1.12876e+00
4.95911e+03 1.12849e+00
4.95941e+03 1.12817e+00
4.95971e+03 1.12781e+00
4.96001e+03 1.12740e+00
4.96030e+03 1.12696e+00
4.96060e+03 1.12649e+00
4.96090e+03 1.12598e+00
4.96120e+03 1.12543e+00
4.96149e+03 1.12486e+00
4.96179e+03 1.12427e+00
4.96209e+03 1.12365e+00
4.96239e+03 1.12302e+00
4.96268e+03 1.12238e+00
4.96298e+03 1.12173e+00
4.96328e+03 1.12107e+00
4.96358e+03 1.12040e+00
4.96387e+03 1.11975e+00
4.96417e+03 1.11910e+00
4.96447e+03 1.11844e+00
4.96477e+03 1.11782e+00
4.96506e+03 1.11719e+00
4.96536e+03 1.11657e+00
4.96566e+03 1.11598e+00
4.96596e+03 1.11539e+00
4.96625e+03 1.11485e+00
4.96655e+03 1.11431e+00
4.96685e+03 1.11379e+00
4.96715e+03 1.11330e+00
4.96744e+03 1.11282e+00
4.96774e+03 1.11235e+00
4.96804e+03 1.11192e+00
4.96834e+03 1.11151e+00
4.96863e+03 1.11110e+00
4.96893e+03 1.11073e+00
4.96923e+03 1.11035e+00
4.96953e+03 1.11001e+00
4.96982e+03 1.10970e+00
4.97000e+03 1.10945e+00
4.97012e+03 1.10886e+00
4.97042e+03 1.10786e+00
4.97072e+03 1.10670e+00
4.97102e+03 1.10556e+00
4.97131e+03 1.10443e+00
4.97161e+03 1.10332e+00
4.97191e+03 1.10222e+00
4.97221e+03 1.10111e+00
4.97250e+03 1.10003e+00
4.97280e+03 1.09894e+00
4.97310e+03 1.09785e+00
4.97340e+03 1.09677e+00
4.97369e+03 1.09572e+00
4.97399e+03 1.09464e+00
4.97429e+03 1.09358e+00
4.97458e+03 1.09251e+00
4.97488e+03 1.09146e+00
4.97518e+03 1.09040e+00
4.97548e+03 1.08934e+00
4.97578e+03 1.08829e+00
4.97607e+03 1.08725e+00
4.97637e+03 1.08633e+00
4.97648e+03 1.08574e+00
4.97667e+03 1.08520e+00
4.97678e+03 1.08469e+00
4.97697e+03 1.08414e+00
4.97708e+03 1.08365e+00
4.97726e+03 1.08310e+00
4.97738e+03 1.08258e+00
4.97756e+03 1.08204e+00
4.97768e+03 1.08155e+00
4.97786e+03 1.08097e+00
4.97798e+03 1.08048e+00
4.97816e+03 1.07996e+00
4.97828e+03 1.07943e+00
4.97845e+03 1.07889e+00
4.97858e+03 1.07838e+00
4.97875e+03 1.07785e+00
4.97888e+03 1.07733e+00
4.97905e+03 1.07680e+00
4.97918e+03 1.07628e+00
4.97935e+03 1.07575e+00
4.97948e+03 1.07524e+00
4.97964e+03 1.07470e+00
4.97978e+03 1.07419e+00
4.97994e+03 1.07365e+00
4.98008e+03 1.07314e+00
4.98024e+03 1.07262e+00
4.98039e+03 1.07209e+00
4.98054e+03 1.07157e+00
4.98069e+03 1.07103e+00
4.98083e+03 1.07053e+00
4.98099e+03 1.07000e+00
4.98113e+03 1.06948e+00
4.98129e+03 1.06895e+00
4.98143e+03 1.06842e+00
4.98159e+03 1.06791e+00
4.98173e+03 1.06739e+00
4.98189e+03 1.06686e+00
4.98202e+03 1.06634e+00
4.98219e+03 1.06581e+00
4.98232e+03 1.06531e+00
4.98249e+03 1.06476e+00
4.98262e+03 1.06426e+00
4.98279e+03 1.06373e+00
4.98292e+03 1.06322e+00
4.98309e+03 1.06268e+00
4.98321e+03 1.06216e+00
4.98339e+03 1.06164e+00
4.98351e+03 1.06114e+00
4.98369e+03 1.06059e+00
4.98381e+03 1.06009e+00
4.98399e+03 1.05956e+00
4.98411e+03 1.05906e+00
4.98429e+03 1.05850e+00
4.98440e+03 1.05801e+00
4.98459e+03 1.05746e+00
4.98470e+03 1.05697e+00
4.98489e+03 1.05643e+00
4.98500e+03 1.05593e+00
4.98519e+03 1.05538e+00
4.98530e+03 1.05490e+00
4.98549e+03 1.05435e+00
4.98559e+03 1.05385e+00
4.98579e+03 1.05330e+00
4.98589e+03 1.05282e+00
4.98609e+03 1.05226e+00
4.98619e+03 1.05177e+00
4.98639e+03 1.05123e+00
4.98649e+03 1.05075e+00
4.98669e+03 1.05019e+00
4.98678e+03 1.04971e+00
4.98699e+03 1.04915e+00
4.98708e+03 1.04868e+00
4.98729e+03 1.04811e+00
4.98738e+03 1.04764e+00
4.98759e+03 1.04708e+00
4.98768e+03 1.04661e+00
4.98790e+03 1.04605e+00
4.98797e+03 1.04557e+00
4.98820e+03 1.04487e+00
4.98850e+03 1.04388e+00
4.98880e+03 1.04286e+00
4.98910e+03 1.04182e+00
4.98940e+03 1.04080e+00
4.98970e+03 1.03979e+00
4.99000e+03 1.03880e+00
4.99030e+03 1.03808e+00
4.99060e+03 1.03738e+00
4.99090e+03 1.03671e+00
4.99120e+03 1.03603e+00
4.99150e+03 1.03537e+00
4.99180e+03 1.03472e+00
4.99210e+03 1.03408e+00
4.99240e+03 1.03346e+00
4.99270e+03 1.03284e+00
4.99300e+03 1.03227e+00
4.99330e+03 1.03169e+00
4.99360e+03 1.03115e+00
4.99390e+03 1.03063e+00
4.99420e+03 1.03014e+00
4.99450e+03 1.02969e+00
4.99480e+03 1.02926e+00
4.99510e+03 1.02888e+00
4.99541e+03 1.02852e+00
4.99571e+03 1.02823e+00
4.99601e+03 1.02797e+00
4.99631e+03 1.02776e+00
4.99661e+03 1.02762e+00
4.99691e+03 1.02753e+00
4.99721e+03 1.02749e+00
4.99751e+03 1.02751e+00
4.99781e+03 1.02758e+00
4.99811e+03 1.02771e+00
4.99841e+03 1.02792e+00
4.99871e+03 1.02819e+00
4.99901e+03 1.02851e+00
4.99931e+03 1.02890e+00
4.99961e+03 1.02935e+00
4.99991e+03 1.02983e+00
5.00021e+03 1.03036e+00
5.00051e+03 1.03096e+00
5.00081e+03 1.03158e+00
5.00111e+03 1.03221e+00
5.00141e+03 1.03290e+00
5.00171e+03 1.03359e+00
5.00201e+03 1.03427e+00
5.00231e+03 1.03494e+00
5.00261e+03 1.03561e+00
5.00292e+03 1.03624e+00
5.00322e+03 1.03683e+00
5.00352e+03 1.03736e+00
5.00382e+03 1.03784e+00
5.00412e+03 1.03824e+00
5.00442e+03 1.03855e+00
5.00472e+03 1.03875e+00
5.00502e+03 1.03886e+00
5.00532e+03 1.03887e+00
5.00562e+03 1.03874e+00
5.00592e+03 1.03850e+00
5.00622e+03 1.03812e+00
5.00652e+03 1.03760e+00
5.00682e+03 1.03694e+00
5.00712e+03 1.03614e+00
5.00742e+03 1.03522e+00
5.00772e+03 1.03416e+00
5.00802e+03 1.03296e+00
5.00832e+03 1.03162e+00
5.00862e+03 1.03019e+00
5.00892e+03 1.02865e+00
5.00922e+03 1.02699e+00
5.00952e+03 1.02524e+00
5.00982e+03 1.02358e+00
5.01000e+03 1.02243e+00
5.01012e+03 1.02203e+00
5.01042e+03 1.02151e+00
5.01073e+03 1.02089e+00
5.01103e+03 1.02023e+00
5.01133e+03 1.01954e+00
5.01163e+03 1.01883e+00
5.01193e+03 1.01813e+00
5.01223e+03 1.01742e+00
5.01253e+03 1.01674e+00
5.01283e+03 1.01608e+00
5.01313e+03 1.01543e+00
5.01343e+03 1.01484e+00
5.01373e+03 1.01428e+00
5.01403e+03 1.01378e+00
5.01433e+03 1.01333e+00
5.01463e+03 1.01293e+00
5.01493e+03 1.01258e+00
5.01523e+03 1.01231e+00
5.01553e+03 1.01209e+00
5.01583e+03 1.01194e+00
5.01613e+03 1.01185e+00
5.01643e+03 1.01181e+00
5.01673e+03 1.01183e+00
5.01703e+03 1.01192e+00
5.01733e+03 1.01205e+00
5.01763e+03 1.01224e+00
5.01793e+03 1.01246e+00
5.01823e+03 1.01274e+00
5.01854e+03 1.01307e+00
5.01884e+03 1.01343e+00
5.01914e+03 1.01383e+00
5.01944e+03 1.01426e+00
5.01974e+03 1.01472e+00
5.02004e+03 1.01522e+00
5.02034e+03 1.01574e+00
5.02064e+03 1.01627e+00
5.02094e+03 1.01682e+00
5.02124e+03 1.01741e+00
5.02154e+03 1.01800e+00
5.02184e+03 1.01860e+00
5.02214e+03 1.01923e+00
5.02244e+03 1.01987e+00
5.02274e+03 1.02050e+00
5.02304e+03 1.02115e+00
5.02334e+03 1.02181e+00
5.02364e+03 1.02248e+00
5.02394e+03 1.02314e+00
5.02424e+03 1.02381e+00
5.02454e+03 1.02449e+00
5.02484e+03 1.02518e+00
5.02514e+03 1.02585e+00
5.02544e+03 1.02653e+00
5.02574e+03 1.02722e+00
5.02604e+03 1.02790e+00
5.02635e+03 1.02858e+00
5.02665e+03 1.02927e+00
5.02695e+03 1.02996e+00
5.02725e+03 1.03064e+00
5.02755e+03 1.03132e+00
5.02785e+03 1.03202e+00
5.02815e+03 1.03271e+00
5.02845e+03 1.03339e+00
5.02875e+03 1.03408e+00
5.02905e+03 1.03477e+00
5.02935e+03 1.03546e+00
5.02965e+03 1.03613e+00
5.02995e+03 1.03666e+00
5.03000e+03 1.03695e+00
5.03025e+03 1.03684e+00
5.03055e+03 1.03671e+00
5.03085e+03 1.03658e+00
5.03115e+03 1.03643e+00
5.03145e+03 1.03631e+00
5.03175e+03 1.03619e+00
5.03205e+03 1.03605e+00
5.03235e+03 1.03592e+00
5.03265e+03 1.03578e+00
5.03295e+03 1.03565e+00
5.03325e+03 1.03553e+00
5.03355e+03 1.03539e+00
5.03385e+03 1.03527e+00
5.03416e+03 1.03512e+00
5.03446e+03 1.03500e+00
5.03476e+03 1.03488e+00
5.03506e+03 1.03474e+00
5.03536e+03 1.03461e+00
5.03566e+03 1.03448e+00
5.03596e+03 1.03434e+00
5.03626e+03 1.03454e+00
5.05000e+03 1.03671e+00
5.07000e+03 1.05767e+00
5.09000e+03 1.03192e+00
5.11000e+03 1.03676e+00
5.13000e+03 1.01301e+00
5.15000e+03 9.81885e-01
5.17000e+03 9.46330e-01
5.19000e+03 9.58141e-01
5.21000e+03 9.94606e-01
5.23000e+03 1.02802e+00
5.25000e+03 1.04015e+00
5.27000e+03 9.79613e-01
5.29000e+03 1.04603e+00
5.31000e+03 1.07487e+00
5.33000e+03 1.01606e+00
5.35000e+03 1.05754e+00
5.37000e+03 1.06045e+00
5.39000e+03 1.04378e+00
5.41000e+03 1.03058e+00
5.43000e+03 1.04351e+00
5.45000e+03 1.06182e+00
5.47000e+03 1.04605e+00
5.49000e+03 1.04454e+00
5.51000e+03 1.03679e+00
5.53000e+03 1.04791e+00
5.55000e+03 1.05315e+00
5.57000e+03 1.03446e+00
5.59000e+03 1.02001e+00
5.61000e+03 1.03632e+00
5.63000e+03 1.03410e+00
5.65000e+03 1.03376e+00
5.67000e+03 1.01849e+00
5.69000e+03 1.02787e+00
5.71000e+03 1.01645e+00
5.73000e+03 1.05348e+00
5.75000e+03 1.03403e+00
5.77000e+03 1.03000e+00
5.79000e+03 1.00861e+00
5.81000e+03 1.02600e+00
5.83000e+03 1.03860e+00
5.85000e+03 1.01974e+00
5.87000e+03 1.00850e+00
5.89000e+03 9.65313e-01
5.91000e+03 9.97942e-01
5.93000e+03 1.00478e+00
5.95000e+03 1.00512e+00
5.97000e+03 1.01033e+00
5.99000e+03 9.98055e-01
6.01000e+03 9.86392e-01
6.03000e+03 9.95315e-01
6.05000e+03 1.00263e+00
6.07000e+03 9.93972e-01
6.09000e+03 9.68799e-01
6.11000e+03 9.57657e-01
6.13000e+03 9.26212e-01
6.15000e+03 9.26867e-01
6.17000e+03 9.08365e-01
6.19000e+03 9.31314e-01
6.21000e+03 9.24868e-01
6.23000e+03 8.98918e-01
6.25000e+03 8.77266e-01
6.27000e+03 8.99739e-01
6.29000e+03 9.06195e-01
6.31000e+03 8.89726e-01
6.33000e+03 8.91792e-01
6.35000e+03 8.92285e-01
6.37000e+03 8.91067e-01
6.39000e+03 8.98485e-01
6.41000e+03 8.89199e-01
6.43000e+03 8.93421e-01
6.45000e+03 8.91366e-01
6.47000e+03 8.88561e-01
6.49000e+03 8.79702e-01
6.51000e+03 8.93945e-01
6.52364e+03 8.95201e-01
6.52404e+03 8.95081e-01
6.52443e+03 8.95001e-01
6.52482e+03 8.94919e-01
6.52522e+03 8.94839e-01
6.52561e+03 8.94759e-01
6.52600e+03 8.94679e-01
6.52640e+03 8.94600e-01
6.52679e+03 8.94520e-01
6.52719e+03 8.94440e-01
6.52758e+03 8.94359e-01
6.52797e+03 8.94279e-01
6.52837e+03 8.94201e-01
6.52876e+03 8.94120e-01
6.52915e+03 8.94040e-01
6.52955e+03 8.93960e-01
6.52994e+03 8.93880e-01
6.53000e+03 8.93740e-01
6.53034e+03 8.93181e-01
6.53073e+03 8.92430e-01
6.53112e+03 8.91653e-01
6.53152e+03 8.90877e-01
6.53191e+03 8.90101e-01
6.53230e+03 8.89325e-01
6.53270e+03 8.88551e-01
6.53309e+03 8.87775e-01
6.53349e+03 8.87001e-01
6.53388e+03 8.86225e-01
6.53427e+03 8.85453e-01
6.53467e+03 8.84681e-01
6.53506e+03 8.83909e-01
6.53546e+03 8.83138e-01
6.53585e+03 8.82370e-01
6.53624e+03 8.81602e-01
6.53664e+03 8.80837e-01
6.53703e+03 8.80076e-01
6.53742e+03 8.79318e-01
6.53782e+03 8.78562e-01
6.53821e+03 8.77812e-01
6.53860e+03 8.77068e-01
6.53900e+03 8.76330e-01
6.53939e+03 8.75602e-01
6.53979e+03 8.74883e-01
6.54018e+03 8.74177e-01
6.54057e+03 8.73484e-01
6.54097e+03 8.72811e-01
6.54136e+03 8.72154e-01
6.54176e+03 8.71522e-01
6.54215e+03 8.70917e-01
6.54254e+03 8.70344e-01
6.54294e+03 8.69808e-01
6.54333e+03 8.69313e-01
6.54372e+03 8.68866e-01
6.54412e+03 8.68475e-01
6.54451e+03 8.68145e-01
6.54491e+03 8.67887e-01
6.54530e+03 8.67707e-01
6.54569e+03 8.67609e-01
6.54609e+03 8.67613e-01
6.54648e+03 8.67725e-01
6.54687e+03 8.67956e-01
6.54727e+03 8.68322e-01
6.54766e+03 8.68829e-01
6.54806e+03 8.69495e-01
6.54845e+03 8.70325e-01
6.54884e+03 8.71338e-01
6.54924e+03 8.72540e-01
6.54963e+03 8.73919e-01
6.55000e+03 8.75061e-01
6.55002e+03 8.75749e-01
6.55042e+03 8.76569e-01
6.55081e+03 8.77851e-01
6.55121e+03 8.79368e-01
6.55160e+03 8.81122e-01
6.55199e+03 8.83115e-01
6.55239e+03 8.85344e-01
6.55278e+03 8.87806e-01
6.55317e+03 8.90493e-01
6.55357e+03 8.93399e-01
6.55396e+03 8.96507e-01
6.55436e+03 8.99800e-01
6.55475e+03 9.03255e-01
6.55514e+03 9.06851e-01
6.55554e+03 9.10560e-01
6.55593e+03 9.14349e-01
6.55633e+03 9.18187e-01
6.55672e+03 9.22033e-01
6.55711e+03 9.25850e-01
6.55751e+03 9.29598e-01
6.55790e+03 9.33230e-01
6.55829e+03 9.36705e-01
6.55869e+03 9.39982e-01
6.55908e+03 9.43010e-01
6.55948e+03 9.45754e-01
6.55987e+03 9.48165e-01
6.56026e+03 9.50210e-01
6.56066e+03 9.51851e-01
6.56105e+03 9.53053e-01
6.56144e+03 9.53788e-01
6.56184e+03 9.54037e-01
6.56223e+03 9.53774e-01
6.56263e+03 9.52989e-01
6.56302e+03 9.51674e-01
6.56341e+03 9.49826e-01
6.56381e+03 9.47447e-01
6.56420e+03 9.44547e-01
6.56459e+03 9.41139e-01
6.56499e+03 9.37244e-01
6.56538e+03 9.32889e-01
6.56578e+03 9.28100e-01
6.56617e+03 9.22909e-01
6.56656e+03 9.17357e-01
6.56696e+03 9.11480e-01
6.56735e+03 9.05319e-01
6.56775e+03 8.98920e-01
6.56814e+03 8.92327e-01
6.56853e+03 8.85583e-01
6.56893e+03 8.78729e-01
6.56932e+03 8.71809e-01
6.56971e+03 8.65335e-01
6.57000e+03 8.60670e-01
6.57011e+03 8.58298e-01
6.57050e+03 8.55549e-01
6.57090e+03 8.52281e-01
6.57129e+03 8.49129e-01
6.57168e+03 8.46119e-01
6.57208e+03 8.43277e-01
6.57247e+03 8.40620e-01
6.57286e+03 8.38167e-01
6.57326e+03 8.35933e-01
6.57365e+03 8.33924e-01
6.57405e+03 8.32147e-01
6.57444e+03 8.30608e-01
6.57483e+03 8.29307e-01
6.57523e+03 8.28240e-01
6.57562e+03 8.27408e-01
6.57601e+03 8.26802e-01
6.57641e+03 8.26412e-01
6.57680e+03 8.26235e-01
6.57720e+03 8.26256e-01
6.57759e+03 8.26467e-01
6.57798e+03 8.26856e-01
6.57838e+03 8.27411e-01
6.57877e+03 8.28117e-01
6.57916e+03 8.28967e-01
6.57956e+03 8.29948e-01
6.57995e+03 8.31045e-01
6.58035e+03 8.32252e-01
6.58074e+03 8.33553e-01
6.58113e+03 8.34943e-01
6.58153e+03 8.36411e-01
6.58192e+03 8.37947e-01
6.58231e+03 8.39545e-01
6.58271e+03 8.41195e-01
6.58310e+03 8.42891e-01
6.58350e+03 8.44616e-01
6.58389e+03 8.46376e-01
6.58428e+03 8.48164e-01
6.58468e+03 8.49981e-01
6.58507e+03 8.51818e-01
6.58546e+03 8.53677e-01
6.58586e+03 8.55551e-01
6.58625e+03 8.57438e-01
6.58665e+03 8.59337e-01
6.58704e+03 8.61243e-01
6.58743e+03 8.63159e-01
6.58783e+03 8.65080e-01
6.58822e+03 8.67009e-01
6.58862e+03 8.68938e-01
6.58901e+03 8.70873e-01
6.58940e+03 8.72808e-01
6.58980e+03 8.74502e-01
6.59000e+03 8.75637e-01
6.59019e+03 8.75943e-01
6.59058e+03 8.76190e-01
6.59098e+03 8.76486e-01
6.59137e+03 8.76784e-01
6.59177e+03 8.77082e-01
6.59216e+03 8.77382e-01
6.59255e+03 8.77682e-01
6.59295e+03 8.77983e-01
6.59334e+03 8.78282e-01
6.59373e+03 8.78582e-01
6.59413e+03 8.78884e-01
6.59452e+03 8.79185e-01
6.59492e+03 8.79486e-01
6.59531e+03 8.79786e-01
6.59570e+03 8.80087e-01
6.59610e+03 8.80388e-01
6.59649e+03 8.80689e-01
6.59688e+03 8.80991e-01
6.59728e+03 8.81292e-01
6.59767e+03 8.81592e-01
6.59807e+03 8.81891e-01
6.59846e+03 8.82192e-01
6.59885e+03 8.82493e-01
6.59925e+03 8.82795e-01
6.59964e+03 8.83094e-01
6.60004e+03 8.83395e-01
6.60043e+03 8.83696e-01
6.60082e+03 8.83995e-01
6.60122e+03 8.84296e-01
6.60161e+03 8.84596e-01
6.60200e+03 8.86797e-01
6.61000e+03 8.90469e-01
6.63000e+03 8.86972e-01
6.65000e+03 8.83649e-01
6.67000e+03 8.73266e-01
6.69000e+03 8.77495e-01
6.71000e+03 8.61806e-01
6.73000e+03 8.69700e-01
6.75000e+03 8.63407e-01
6.77000e+03 8.64674e-01
6.79000e+03 8.60173e-01
6.81000e+03 8.61268e-01
6.83000e+03 8.64708e-01
6.85000e+03 8.53367e-01
6.87000e+03 8.60933e-01
6.89000e+03 8.69032e-01
6.91000e+03 8.67243e-01
6.93000e+03 8.63418e-01
6.95000e+03 8.62288e-01
6.97000e+03 8.67111e-01
6.99000e+03 8.64543e-01
7.01000e+03 8.54952e-01
7.03000e+03 8.65237e-01
7.05000e+03 8.69101e-01
7.07000e+03 8.55585e-01
7.09000e+03 8.40467e-01
7.11000e+03 8.26561e-01
7.13000e+03 8.14944e-01
7.15000e+03 8.11000e-01
7.17000e+03 8.10190e-01
7.19000e+03 7.96846e-01
7.21000e+03 8.05275e-01
7.23000e+03 8.13200e-01
7.25000e+03 8.14740e-01
7.27000e+03 8.12661e-01
7.29000e+03 8.02156e-01
7.31000e+03 8.10206e-01
7.33000e+03 8.11770e-01
7.35000e+03 8.14252e-01
7.37000e+03 8.20688e-01
7.39000e+03 8.07396e-01
7.41000e+03 8.00690e-01
7.43000e+03 8.09208e-01
7.45000e+03 8.10205e-01
7.47000e+03 8.13012e-01
7.49000e+03 8.10327e-01
7.51000e+03 8.13990e-01
7.53000e+03 8.21015e-01
7.55000e+03 8.24652e-01
7.57000e+03 8.20663e-01
7.59000e+03 8.11488e-01
7.61000e+03 8.02501e-01
7.63000e+03 7.93278e-01
7.65000e+03 7.81578e-01
7.67000e+03 7.62251e-01
7.69000e+03 7.69964e-01
7.71000e+03 7.63771e-01
7.73000e+03 7.63862e-01
7.75000e+03 7.61353e-01
7.77000e+03 7.67172e-01
7.79000e+03 7.72144e-01
7.81000e+03 7.70417e-01
7.83000e+03 7.63573e-01
7.85000e+03 7.56770e-01
7.87000e+03 7.58070e-01
7.89000e+03 7.46861e-01
7.91000e+03 7.31619e-01
7.93000e+03 7.26279e-01
7.95000e+03 7.22063e-01
7.97000e+03 7.33772e-01
7.99000e+03 7.33424e-01
8.01000e+03 7.32486e-01
8.03000e+03 7.31016e-01
8.05000e+03 7.28222e-01
8.07000e+03 7.28736e-01
8.09000e+03 7.21591e-01
8.11000e+03 7.25024e-01
8.13000e+03 7.35537e-01
8.15000e+03 7.40631e-01
8.17000e+03 7.43039e-01
8.19000e+03 7.29184e-01
8.21000e+03 7.18885e-01
8.23000e+03 7.19520e-01
8.25000e+03 7.21117e-01
8.27000e+03 7.26002e-01
8.29000e+03 7.19716e-01
8.31000e+03 7.03060e-01
8.33000e+03 6.97842e-01
8.35000e+03 6.98680e-01
8.37000e+03 6.99515e-01
8.39000e+03 6.88236e-01
8.41000e+03 6.96470e-01
8.43000e+03 6.77823e-01
8.45000e+03 6.66035e-01
8.47000e+03 6.64184e-01
8.49000e+03 6.65471e-01
8.51000e+03 6.45995e-01
8.53000e+03 6.60181e-01
8.55000e+03 6.37102e-01
8.57000e+03 6.70841e-01
8.59000e+03 6.65454e-01
8.61000e+03 6.66983e-01
8.63000e+03 6.80490e-01
8.65000e+03 6.74383e-01
8.67000e+03 6.33224e-01
8.69000e+03 6.59681e-01
8.71000e+03 6.78278e-01
8.73000e+03 6.76910e-01
8.75000e+03 6.61008e-01
8.77000e+03 6.76309e-01
8.79000e+03 6.83422e-01
8.81000e+03 6.75475e-01
8.83000e+03 6.75433e-01
8.85000e+03 6.64244e-01
8.87000e+03 6.39489e-01
8.89000e+03 6.53713e-01
8.91000e+03 6.60394e-01
8.93000e+03 6.51626e-01
8.95000e+03 6.50306e-01
8.97000e+03 6.50002e-01
8.99000e+03 6.43798e-01
9.01000e+03 6.20787e-01
9.03000e+03 6.40423e-01
9.05000e+03 6.62157e-01
9.07000e+03 6.62777e-01
9.09000e+03 6.54659e-01
9.11000e+03 6.62244e-01
9.13000e+03 6.71477e-01
9.15000e+03 6.69703e-01
9.17000e+03 6.69420e-01
9.19000e+03 6.70029e-01
9.21000e+03 6.46573e-01
9.23000e+03 6.21373e-01
9.25000e+03 6.28670e-01
9.27000e+03 6.35968e-01
9.29000e+03 6.34561e-01
9.31000e+03 6.37254e-01
9.33000e+03 6.37828e-01
9.35000e+03 6.35145e-01
9.37000e+03 6.29195e-01
9.39000e+03 6.32952e-01
9.41000e+03 6.24498e-01
9.43000e+03 6.33082e-01
9.45000e+03 6.29109e-01
9.47000e+03 6.36716e-01
9.49000e+03 6.35635e-01
9.51000e+03 6.25258e-01
9.53000e+03 6.18320e-01
9.55000e+03 6.00684e-01
9.57000e+03 6.13647e-01
9.59000e+03 6.23741e-01
9.61000e+03 6.18460e-01
9.63000e+03 6.16670e-01
9.65000e+03 6.09536e-01
9.67000e+03 6.07875e-01
9.69000e+03 6.11469e-01
9.71000e+03 6.04113e-01
9.73000e+03 5.96833e-01
9.75000e+03 5.92965e-01
9.77000e+03 5.92365e-01
9.79000e+03 5.87964e-01
9.81000e+03 5.94015e-01
9.83000e+03 5.91026e-01
9.85000e+03 5.90748e-01
9.87000e+03 5.86907e-01
9.89000e+03 5.84688e-01
9.91000e+03 5.82551e-01
9.93000e+03 5.83797e-01
9.95000e+03 5.84004e-01
9.97000e+03 5.83058e-01
9.99000e+03 5.80094e-01
1.00250e+04 5.73916e-01
1.00750e+04 5.65748e-01
1.01250e+04 5.70861e-01
1.01750e+04 5.66710e-01
1.02250e+04 5.66699e-01
1.02750e+04 5.67306e-01
1.03250e+04 5.62194e-01
1.03750e+04 5.59171e-01
1.04250e+04 5.59084e-01
1.04750e+04 5.52133e-01
1.05250e+04 5.45891e-01
1.05750e+04 5.37063e-01
1.06250e+04 5.31192e-01
1.06750e+04 5.27286e-01
1.07250e+04 5.29611e-01
1.07750e+04 5.26208e-01
1.08250e+04 5.20141e-01
1.08750e+04 5.15866e-01
1.09250e+04 5.08832e-01
1.09750e+04 5.07041e-01
1.10250e+04 5.06172e-01
1.10750e+04 5.00556e-01
1.11250e+04 4.97876e-01
1.11750e+04 4.94800e-01
1.12250e+04 4.93604e-01
1.12750e+04 4.88472e-01
1.13250e+04 4.86407e-01
1.13750e+04 4.83598e-01
1.14250e+04 4.79267e-01
1.14750e+04 4.80660e-01
1.15250e+04 4.77184e-01
1.15750e+04 4.70047e-01
1.16250e+04 4.62246e-01
1.16750e+04 4.58911e-01
1.17250e+04 4.56844e-01
1.17750e+04 4.47013e-01
1.18250e+04 4.39950e-01
1.18750e+04 4.33004e-01
1.19250e+04 4.33440e-01
1.19750e+04 4.24049e-01
1.20250e+04 4.25830e-01
1.20750e+04 4.24723e-01
1.21250e+04 4.26374e-01
1.21750e+04 4.28384e-01
1.22250e+04 4.27765e-01
1.22750e+04 4.26568e-01
1.23250e+04 4.25740e-01
1.23750e+04 4.25544e-01
1.24250e+04 4.23191e-01
1.24750e+04 4.22648e-01
1.25250e+04 4.21140e-01
1.25750e+04 4.20643e-01
1.26250e+04 4.20130e-01
1.26750e+04 4.19170e-01
1.27250e+04 4.19027e-01
1.27750e+04 4.15052e-01
1.28250e+04 4.01982e-01
1.28750e+04 4.07077e-01
1.29250e+04 4.05594e-01
1.29750e+04 4.06092e-01
1.30250e+04 4.02151e-01
1.30750e+04 3.99996e-01
1.31250e+04 3.93173e-01
1.31750e+04 3.89543e-01
1.32250e+04 3.87163e-01
1.32750e+04 3.81202e-01
1.33250e+04 3.79038e-01
1.33750e+04 3.75032e-01
1.34250e+04 3.73430e-01
1.34750e+04 3.69583e-01
1.35250e+04 3.65469e-01
1.35750e+04 3.59626e-01
1.36250e+04 3.57081e-01
1.36750e+04 3.56745e-01
1.37250e+04 3.55960e-01
1.37750e+04 3.54310e-01
1.38250e+04 3.52731e-01
1.38750e+04 3.47816e-01
1.39250e+04 3.36893e-01
1.39750e+04 3.32421e-01
1.40250e+04 3.28588e-01
1.40750e+04 3.28351e-01
1.41250e+04 3.25138e-01
1.41750e+04 3.25178e-01
1.42250e+04 3.20973e-01
1.42750e+04 3.17043e-01
1.43250e+04 3.19562e-01
1.43750e+04 3.19349e-01
1.44250e+04 3.13331e-01
1.44750e+04 3.15577e-01
1.45250e+04 3.13054e-01
1.45700e+04 3.12806e-01
1.46200e+04 3.08093e-01
1.46750e+04 3.05267e-01
1.47250e+04 3.02077e-01
1.47750e+04 3.02142e-01
1.48250e+04 3.01885e-01
1.48750e+04 2.99878e-01
1.49250e+04 3.03231e-01
1.49750e+04 3.00671e-01
1.50250e+04 2.97106e-01
1.50750e+04 2.96311e-01
1.51250e+04 2.99270e-01
1.51750e+04 2.99665e-01
1.52250e+04 2.98850e-01
1.52750e+04 2.99369e-01
1.53250e+04 2.98215e-01
1.53750e+04 2.97177e-01
1.54250e+04 2.95189e-01
1.54750e+04 2.94996e-01
1.55250e+04 2.92198e-01
1.55750e+04 2.86322e-01
1.56250e+04 2.87567e-01
1.56750e+04 2.86716e-01
1.57250e+04 2.88329e-01
1.57750e+04 2.78247e-01
1.58250e+04 2.76556e-01
1.58750e+04 2.75180e-01
1.59250e+04 2.81211e-01
1.59750e+04 2.79844e-01
1.60500e+04 2.81405e-01
1.61500e+04 2.82118e-01
1.62500e+04 2.79238e-01
1.63500e+04 2.80517e-01
1.64500e+04 2.74507e-01
1.65500e+04 2.76787e-01
1.66500e+04 2.73739e-01
1.67500e+04 2.69983e-01
1.68500e+04 2.66092e-01
1.69500e+04 2.66089e-01
1.70500e+04 2.61851e-01
1.71500e+04 2.57308e-01
1.72500e+04 2.50320e-01
1.73500e+04 2.41988e-01
1.74500e+04 2.37827e-01
1.75500e+04 2.32689e-01
1.76500e+04 2.26347e-01
1.77500e+04 2.19511e-01
1.78500e+04 2.13950e-01
1.79500e+04 2.07376e-01
1.80500e+04 2.01007e-01
1.81500e+04 1.95417e-01
1.82500e+04 1.92685e-01
1.83500e+04 1.89692e-01
1.84500e+04 1.85270e-01
1.85500e+04 1.81843e-01
1.86500e+04 1.76482e-01
1.87500e+04 1.71514e-01
1.88500e+04 1.70760e-01
1.89500e+04 1.66591e-01
1.90500e+04 1.66823e-01
1.91500e+04 1.64529e-01
1.92500e+04 1.62029e-01
1.93500e+04 1.57995e-01
1.94500e+04 1.53604e-01
1.95500e+04 1.52718e-01
1.96500e+04 1.49950e-01
1.97500e+04 1.46471e-01
1.98500e+04 1.44310e-01
1.99500e+04 1.42503e-01
2.00500e+04 1.41294e-01
2.01500e+04 1.39371e-01
2.02500e+04 1.36514e-01
2.03500e+04 1.34983e-01
2.04500e+04 1.34508e-01
2.05500e+04 1.32823e-01
2.06500e+04 1.31094e-01
2.07500e+04 1.29845e-01
2.08500e+04 1.28240e-01
2.09500e+04 1.26502e-01
2.10500e+04 1.25816e-01
2.11500e+04 1.24098e-01
2.12500e+04 1.22638e-01
2.13500e+04 1.21788e-01
2.14500e+04 1.20343e-01
2.15500e+04 1.18444e-01
2.16500e+04 1.15783e-01
2.17500e+04 1.14662e-01
2.18500e+04 1.13507e-01
2.19500e+04 1.12032e-01
2.20500e+04 1.09833e-01
2.21500e+04 1.08901e-01
2.22500e+04 1.06765e-01
2.23500e+04 1.05238e-01
2.24500e+04 1.03791e-01
2.25500e+04 1.02323e-01
2.26500e+04 1.00528e-01
2.27500e+04 9.95777e-02
2.28500e+04 9.62944e-02
2.29500e+04 8.68927e-02
2.30500e+04 8.84276e-02
2.31500e+04 8.70147e-02
2.32500e+04 7.94349e-02
2.33500e+04 8.10638e-02
2.34500e+04 7.86424e-02
2.35500e+04 7.30748e-02
2.36500e+04 7.51680e-02
2.37500e+04 7.30123e-02
2.38500e+04 6.84654e-02
2.39500e+04 6.98531e-02
2.40500e+04 6.85172e-02
2.41500e+04 6.44321e-02
2.42500e+04 6.48330e-02
2.43500e+04 6.35003e-02
2.44500e+04 6.05062e-02
2.45500e+04 5.92211e-02
2.46500e+04 5.91112e-02
2.47500e+04 5.68369e-02
2.48500e+04 5.35150e-02
2.49500e+04 5.29882e-02
2.50500e+04 5.30507e-02
2.51500e+04 5.06043e-02
2.52500e+04 5.09228e-02
2.53500e+04 5.07502e-02
2.54500e+04 4.97741e-02
2.55500e+04 4.92632e-02
2.56500e+04 4.92168e-02
2.57500e+04 4.92310e-02
2.58500e+04 4.78560e-02
2.59500e+04 4.79033e-02
2.60500e+04 4.79068e-02
2.61500e+04 4.69631e-02
2.62500e+04 4.61296e-02
2.63500e+04 4.62493e-02
2.64500e+04 4.58807e-02
2.65500e+04 4.52187e-02
2.66500e+04 4.44657e-02
2.67500e+04 4.46545e-02
2.68500e+04 4.42832e-02
2.69500e+04 4.34073e-02
2.70500e+04 4.32672e-02
2.71500e+04 4.28842e-02
2.72500e+04 4.25454e-02
2.73500e+04 4.17875e-02
2.74500e+04 4.15482e-02
2.75500e+04 4.11272e-02
2.76500e+04 4.05815e-02
2.77500e+04 4.00043e-02
2.78500e+04 3.98513e-02
2.79500e+04 3.96264e-02
2.80500e+04 3.91145e-02
2.81500e+04 3.85769e-02
2.82500e+04 3.83120e-02
2.83500e+04 3.80205e-02
2.84500e+04 3.75797e-02
2.85500e+04 3.71716e-02
2.86500e+04 3.67824e-02
2.87500e+04 3.62865e-02
2.88500e+04 3.60115e-02
2.89500e+04 3.57072e-02
2.90500e+04 3.53792e-02
2.91500e+04 3.50153e-02
2.92500e+04 3.44799e-02
2.93500e+04 3.43061e-02
2.94500e+04 3.38911e-02
2.95500e+04 3.35886e-02
2.96500e+04 3.33268e-02
2.97500e+04 3.29639e-02
2.98500e+04 3.26000e-02
2.99500e+04 3.22593e-02
3.00500e+04 3.19418e-02
3.01500e+04 3.17353e-02
3.02500e+04 3.13376e-02
3.03500e+04 3.09083e-02
3.04500e+04 3.08186e-02
3.05500e+04 3.05663e-02
3.06500e+04 3.03262e-02
3.07500e+04 3.01035e-02
3.08500e+04 2.97814e-02
3.09500e+04 2.96206e-02
3.10500e+04 2.94304e-02
3.11500e+04 2.90397e-02
3.12500e+04 2.88886e-02
3.13500e+04 2.86578e-02
3.14500e+04 2.84163e-02
3.15500e+04 2.81569e-02
3.16500e+04 2.78787e-02
3.17500e+04 2.76868e-02
3.18500e+04 2.74778e-02
3.19500e+04 2.72872e-02
3.21000e+04 2.69413e-02
3.23000e+04 2.65118e-02
3.25000e+04 2.60941e-02
3.27000e+04 2.56220e-02
3.29000e+04 2.50978e-02
3.31000e+04 2.47504e-02
3.33000e+04 2.43669e-02
3.35000e+04 2.39902e-02
3.37000e+04 2.35601e-02
3.39000e+04 2.31325e-02
3.41000e+04 2.27077e-02
3.43000e+04 2.23548e-02
3.45000e+04 2.19745e-02
3.47000e+04 2.15683e-02
3.49000e+04 2.11911e-02
3.51000e+04 2.08219e-02
3.53000e+04 2.04173e-02
3.55000e+04 2.00621e-02
3.57000e+04 1.96840e-02
3.59000e+04 1.93297e-02
3.61000e+04 1.90264e-02
3.63000e+04 1.86695e-02
3.65000e+04 1.82997e-02
3.67000e+04 1.79512e-02
3.69000e+04 1.75723e-02
3.71000e+04 1.72403e-02
3.73000e+04 1.69367e-02
3.75000e+04 1.65635e-02
3.77000e+04 1.63257e-02
3.79000e+04 1.60246e-02
3.81000e+04 1.57532e-02
3.83000e+04 1.54914e-02
3.85000e+04 1.52130e-02
3.87000e+04 1.48878e-02
3.89000e+04 1.46157e-02
3.91000e+04 1.43473e-02
3.93000e+04 1.40893e-02
3.95000e+04 1.37816e-02
3.97000e+04 1.35247e-02
3.99000e+04 1.32311e-02
4.01000e+04 1.30145e-02
4.03000e+04 1.27887e-02
4.05000e+04 1.25109e-02
4.07000e+04 1.23105e-02
4.09000e+04 1.20991e-02
4.11000e+04 1.18969e-02
4.13000e+04 1.16891e-02
4.15000e+04 1.14672e-02
4.17000e+04 1.12488e-02
4.19000e+04 1.10620e-02
4.21000e+04 1.08587e-02
4.23000e+04 1.07051e-02
4.25000e+04 1.05080e-02
4.27000e+04 1.02974e-02
4.29000e+04 9.82162e-03
4.31000e+04 9.37434e-03
4.33000e+04 9.25294e-03
4.35000e+04 8.88821e-03
4.37000e+04 8.62752e-03
4.39000e+04 8.42844e-03
4.41000e+04 8.12170e-03
4.43000e+04 7.97664e-03
4.45000e+04 7.81864e-03
4.47000e+04 7.59029e-03
4.49000e+04 7.52400e-03
4.51000e+04 7.35759e-03
4.53000e+04 7.17940e-03
4.55000e+04 7.12577e-03
4.57000e+04 7.02772e-03
4.59000e+04 6.83872e-03
4.61000e+04 6.80518e-03
4.63000e+04 6.69380e-03
4.65000e+04 6.58826e-03
4.67000e+04 6.53954e-03
4.69000e+04 6.44258e-03
4.71000e+04 6.33655e-03
4.73000e+04 6.30427e-03
4.75000e+04 6.19040e-03
4.77000e+04 6.10644e-03
4.79000e+04 6.02889e-03
4.81000e+04 5.91946e-03
4.83000e+04 5.89740e-03
4.85000e+04 5.79775e-03
4.87000e+04 5.69242e-03
4.89000e+04 5.61318e-03
4.91000e+04 5.53792e-03
4.93000e+04 5.45741e-03
4.95000e+04 5.37115e-03
4.97000e+04 5.32300e-03
4.99000e+04 5.23915e-03
5.01000e+04 5.17944e-03
5.03000e+04 5.10786e-03
5.05000e+04 5.01674e-03
5.07000e+04 4.96384e-03
5.09000e+04 4.89751e-03
5.11000e+04 4.81911e-03
5.13000e+04 4.76397e-03
5.15000e+04 4.70309e-03
5.17000e+04 4.66717e-03
5.19000e+04 4.59680e-03
5.21000e+04 4.53742e-03
5.23000e+04 4.46780e-03
5.25000e+04 4.42769e-03
5.27000e+04 4.39327e-03
5.29000e+04 4.30532e-03
5.31000e+04 4.24347e-03
5.33000e+04 4.20326e-03
5.35000e+04 4.15196e-03
5.37000e+04 4.10351e-03
5.39000e+04 4.05517e-03
5.41000e+04 4.00361e-03
5.43000e+04 3.94093e-03
5.45000e+04 3.90904e-03
5.47000e+04 3.85190e-03
5.49000e+04 3.80890e-03
5.51000e+04 3.76470e-03
5.53000e+04 3.75067e-03
5.55000e+04 3.67637e-03
5.57000e+04 3.64973e-03
5.59000e+04 3.59861e-03
5.61000e+04 3.56341e-03
5.63000e+04 3.50803e-03
5.65000e+04 3.48076e-03
5.67000e+04 3.43837e-03
5.69000e+04 3.38499e-03
5.71000e+04 3.36198e-03
5.73000e+04 3.32395e-03
5.75000e+04 3.28346e-03
5.77000e+04 3.24268e-03
5.79000e+04 3.21379e-03
5.81000e+04 3.16911e-03
5.83000e+04 3.13342e-03
5.85000e+04 3.09691e-03
5.87000e+04 3.05222e-03
5.89000e+04 3.01687e-03
5.91000e+04 2.98068e-03
5.93000e+04 2.95306e-03
5.95000e+04 2.91551e-03
5.97000e+04 2.88837e-03
5.99000e+04 2.85597e-03
6.01000e+04 2.82256e-03
6.03000e+04 2.78848e-03
6.05000e+04 2.75011e-03
6.07000e+04 2.71828e-03
6.09000e+04 2.68572e-03
6.11000e+04 2.65255e-03
6.13000e+04 2.62649e-03
6.15000e+04 2.59966e-03
6.17000e+04 2.57359e-03
6.19000e+04 2.54372e-03
6.21000e+04 2.51605e-03
6.23000e+04 2.48262e-03
6.25000e+04 2.45018e-03
6.27000e+04 2.42243e-03
6.29000e+04 2.39635e-03
6.31000e+04 2.36889e-03
6.33000e+04 2.34661e-03
6.35000e+04 2.31875e-03
6.37000e+04 2.29609e-03
6.39000e+04 2.26556e-03
6.42000e+04 2.22763e-03
6.46000e+04 2.17769e-03
6.50000e+04 2.12942e-03
6.54000e+04 2.08214e-03
6.58000e+04 2.03746e-03
6.62000e+04 1.99164e-03
6.66000e+04 1.94820e-03
6.70000e+04 1.90593e-03
6.74000e+04 1.86331e-03
6.78000e+04 1.82286e-03
6.82000e+04 1.78334e-03
6.86000e+04 1.74553e-03
6.90000e+04 1.70755e-03
6.94000e+04 1.67093e-03
6.98000e+04 1.63549e-03
7.02000e+04 1.60024e-03
7.06000e+04 1.56703e-03
7.10000e+04 1.53396e-03
7.14000e+04 1.50191e-03
7.18000e+04 1.47034e-03
7.22000e+04 1.43989e-03
7.26000e+04 1.40988e-03
7.30000e+04 1.38092e-03
7.34000e+04 1.35238e-03
7.38000e+04 1.32491e-03
7.42000e+04 1.29698e-03
7.46000e+04 1.26926e-03
7.50000e+04 1.24391e-03
7.54000e+04 1.22004e-03
7.58000e+04 1.19674e-03
7.62000e+04 1.17309e-03
7.66000e+04 1.14992e-03
7.70000e+04 1.12714e-03
7.74000e+04 1.10516e-03
7.78000e+04 1.08376e-03
7.82000e+04 1.06257e-03
7.86000e+04 1.04211e-03
7.90000e+04 1.02203e-03
7.94000e+04 1.00250e-03
7.98000e+04 9.83384e-04
8.02000e+04 9.64372e-04
8.06000e+04 9.46141e-04
8.10000e+04 9.28602e-04
8.14000e+04 9.11148e-04
8.18000e+04 8.94404e-04
8.22000e+04 8.77928e-04
8.26000e+04 8.61698e-04
8.30000e+04 8.45818e-04
8.34000e+04 8.30192e-04
8.38000e+04 8.15055e-04
8.42000e+04 8.00546e-04
8.46000e+04 7.86065e-04
8.50000e+04 7.71974e-04
8.54000e+04 7.58154e-04
8.58000e+04 7.44725e-04
8.62000e+04 7.31624e-04
8.66000e+04 7.18724e-04
8.70000e+04 7.06105e-04
8.74000e+04 6.93782e-04
8.78000e+04 6.81700e-04
8.82000e+04 6.69701e-04
8.86000e+04 6.58187e-04
8.90000e+04 6.46845e-04
8.94000e+04 6.35878e-04
8.98000e+04 6.24873e-04
9.02000e+04 6.14482e-04
9.06000e+04 6.04114e-04
9.10000e+04 5.93676e-04
9.14000e+04 5.83894e-04
9.18000e+04 5.74316e-04
9.22000e+04 5.64849e-04
9.26000e+04 5.55502e-04
9.30000e+04 5.46384e-04
9.34000e+04 5.37361e-04
9.38000e+04 5.28596e-04
9.42000e+04 5.19977e-04
9.46000e+04 5.11505e-04
9.50000e+04 5.03257e-04
9.54000e+04 4.95226e-04
9.58000e+04 4.87329e-04
9.62000e+04 4.79528e-04
9.66000e+04 4.71961e-04
9.70000e+04 4.64444e-04
9.74000e+04 4.56850e-04
9.78000e+04 4.49809e-04
9.82000e+04 4.42908e-04
9.86000e+04 4.36047e-04
9.90000e+04 4.29281e-04
9.94000e+04 4.22626e-04
9.98000e+04 4.16113e-04
1.00200e+05 3.35106e-04
2.00000e+05 3.04466e-05
4.00000e+05 2.29661e-06
6.00000e+05 3.90161e-07
8.00000e+05 1.18937e-07
1.00000e+06 4.81836e-08
1.20000e+06 2.32369e-08
1.40000e+06 1.26206e-08
1.60000e+06 7.92191e-09
