9.10000e+01 1.28950e-03
9.40000e+01 1.27195e-03
9.60000e+01 1.28469e-03
9.80000e+01 1.28951e-03
1.00000e+02 1.29505e-03
1.02000e+02 1.30123e-03
1.04000e+02 1.30804e-03
1.06000e+02 1.31547e-03
1.08000e+02 1.32356e-03
1.10000e+02 1.34682e-03
1.14000e+02 1.35184e-03
1.18000e+02 1.36800e-03
1.21000e+02 1.40117e-03
1.25000e+02 1.40449e-03
1.27000e+02 1.42417e-03
1.28000e+02 1.45255e-03
1.31000e+02 1.44314e-03
1.32000e+02 1.47179e-03
1.34000e+02 1.49025e-03
1.37000e+02 1.51604e-03
1.40000e+02 1.55096e-03
1.43000e+02 1.59544e-03
1.47000e+02 1.63598e-03
1.51000e+02 1.68605e-03
1.55000e+02 1.73764e-03
1.59000e+02 1.78203e-03
1.62000e+02 1.84693e-03
1.66000e+02 1.90568e-03
1.70000e+02 1.96654e-03
1.73000e+02 2.04262e-03
1.77000e+02 2.09713e-03
1.80000e+02 2.15518e-03
1.82000e+02 2.22916e-03
1.86000e+02 2.30059e-03
1.91000e+02 2.36811e-03
1.94000e+02 2.46215e-03
1.98000e+02 2.53313e-03
2.02000e+02 2.60584e-03
2.05000e+02 2.70762e-03
2.10000e+02 2.80909e-03
2.16000e+02 2.91131e-03
2.20000e+02 3.01926e-03
2.23000e+02 3.12019e-03
2.27000e+02 9.39740e-03
2.30000e+02 5.36845e-02
2.34000e+02 5.82070e-02
2.40000e+02 5.59832e-02
2.46000e+02 5.39790e-02
2.52000e+02 5.21177e-02
2.57000e+02 5.06685e-02
2.60000e+02 4.98293e-02
2.64000e+02 4.87804e-02
2.69000e+02 4.72928e-02
2.74000e+02 4.58293e-02
2.79000e+02 4.42949e-02
2.84000e+02 4.31997e-02
2.90000e+02 4.17823e-02
2.96000e+02 4.02378e-02
3.01000e+02 3.90286e-02
3.08000e+02 3.75892e-02
3.18000e+02 3.54682e-02
3.28000e+02 3.34059e-02
3.38000e+02 3.14115e-02
3.48000e+02 2.96552e-02
3.57000e+02 2.86709e-02
3.66000e+02 2.80713e-02
3.75000e+02 2.68412e-02
3.85000e+02 2.52888e-02
3.95000e+02 2.48542e-02
4.05000e+02 2.43441e-02
4.14000e+02 2.33697e-02
4.22000e+02 2.22625e-02
4.30000e+02 2.13979e-02
4.41000e+02 2.07375e-02
4.51000e+02 1.99229e-02
4.60000e+02 1.88678e-02
4.70000e+02 1.81233e-02
4.80000e+02 1.76069e-02
4.90000e+02 1.66818e-02
5.00000e+02 1.64026e-02
5.06000e+02 1.59907e-02
5.12000e+02 1.67470e-02
5.20000e+02 1.62045e-02
5.30000e+02 1.52737e-02
5.40000e+02 1.41519e-02
5.50000e+02 1.35943e-02
5.60000e+02 1.38501e-02
5.70000e+02 1.38115e-02
5.80000e+02 1.33612e-02
5.90000e+02 1.28856e-02
6.00000e+02 1.20096e-02
6.10000e+02 1.15414e-02
6.20000e+02 1.17435e-02
6.30000e+02 1.13467e-02
6.40000e+02 1.12539e-02
6.50000e+02 1.08253e-02
6.58000e+02 1.03845e-02
6.65000e+02 1.04944e-02
6.75000e+02 1.03019e-02
6.85000e+02 9.71292e-03
6.95000e+02 9.65340e-03
7.05000e+02 9.04954e-03
7.16000e+02 9.26686e-03
7.26000e+02 9.16130e-03
7.35000e+02 8.95565e-03
7.45000e+02 8.63887e-03
7.55000e+02 8.34289e-03
7.65000e+02 7.92055e-03
7.75000e+02 7.90358e-03
7.85000e+02 7.57158e-03
7.95000e+02 7.54596e-03
8.05000e+02 7.47686e-03
8.15000e+02 7.34385e-03
8.25000e+02 7.13984e-03
8.35000e+02 6.61532e-03
8.45000e+02 6.79709e-03
8.55000e+02 6.69645e-03
8.65000e+02 6.63924e-03
8.75000e+02 6.54162e-03
8.85000e+02 6.42859e-03
8.95000e+02 6.31993e-03
9.05000e+02 7.25370e-03
9.15000e+02 1.44398e-02
9.25000e+02 2.22344e-02
9.35000e+02 2.97330e-02
9.45000e+02 3.61472e-02
9.55000e+02 4.01606e-02
9.65000e+02 3.94137e-02
9.75000e+02 2.57133e-02
9.85000e+02 3.26643e-02
9.95000e+02 3.44309e-02
1.00500e+03 3.91226e-02
1.01500e+03 3.92751e-02
1.02500e+03 3.26866e-02
1.03500e+03 3.70846e-02
1.04500e+03 4.53891e-02
1.05500e+03 4.47841e-02
1.06500e+03 4.04754e-02
1.07500e+03 4.15734e-02
1.08500e+03 3.93554e-02
1.09500e+03 4.28592e-02
1.10500e+03 4.22561e-02
1.11500e+03 4.09799e-02
1.12500e+03 3.85859e-02
1.13500e+03 4.23382e-02
1.14500e+03 4.18801e-02
1.15500e+03 4.19312e-02
1.16500e+03 4.03855e-02
1.17500e+03 3.36086e-02
1.18500e+03 3.88008e-02
1.19500e+03 3.60083e-02
1.20500e+03 3.21955e-02
1.20872e+03 3.00123e-02
1.20880e+03 3.00005e-02
1.20887e+03 3.00268e-02
1.20894e+03 3.00613e-02
1.20902e+03 3.01049e-02
1.20909e+03 3.01587e-02
1.20916e+03 3.02238e-02
1.20923e+03 3.03012e-02
1.20931e+03 3.03922e-02
1.20938e+03 3.04982e-02
1.20945e+03 3.06207e-02
1.20953e+03 3.07613e-02
1.20960e+03 3.09217e-02
1.20967e+03 3.11037e-02
1.20975e+03 3.13092e-02
1.20982e+03 3.15405e-02
1.20989e+03 3.17998e-02
1.20996e+03 3.20894e-02
1.21004e+03 3.24120e-02
1.21011e+03 3.27703e-02
1.21018e+03 3.31670e-02
1.21026e+03 3.36051e-02
1.21033e+03 3.40880e-02
1.21040e+03 3.46189e-02
1.21047e+03 3.52010e-02
1.21055e+03 3.58386e-02
1.21062e+03 3.65351e-02
1.21069e+03 3.72941e-02
1.21077e+03 3.81205e-02
1.21084e+03 3.90180e-02
1.21091e+03 3.99906e-02
1.21099e+03 4.10435e-02
1.21106e+03 4.21814e-02
1.21113e+03 4.34079e-02
1.21120e+03 4.47276e-02
1.21128e+03 4.61463e-02
1.21135e+03 4.76682e-02
1.21142e+03 4.92973e-02
1.21150e+03 5.10397e-02
1.21157e+03 5.28993e-02
1.21164e+03 5.48799e-02
1.21172e+03 5.69875e-02
1.21179e+03 5.92256e-02
1.21186e+03 6.15972e-02
1.21193e+03 6.41083e-02
1.21201e+03 6.67625e-02
1.21208e+03 6.95610e-02
1.21215e+03 7.25065e-02
1.21223e+03 7.56040e-02
1.21230e+03 7.88545e-02
1.21237e+03 8.22582e-02
1.21244e+03 8.58191e-02
1.21252e+03 8.95364e-02
1.21259e+03 9.34085e-02
1.21266e+03 9.74381e-02
1.21274e+03 1.01622e-01
1.21281e+03 1.05957e-01
1.21288e+03 1.10444e-01
1.21296e+03 1.15079e-01
1.21303e+03 1.19855e-01
1.21310e+03 1.24766e-01
1.21317e+03 1.29810e-01
1.21325e+03 1.34980e-01
1.21332e+03 1.40264e-01
1.21339e+03 1.45659e-01
1.21347e+03 1.51155e-01
1.21354e+03 1.56737e-01
1.21361e+03 1.62401e-01
1.21369e+03 1.68135e-01
1.21376e+03 1.73921e-01
1.21383e+03 1.79746e-01
1.21390e+03 1.85602e-01
1.21398e+03 1.91471e-01
1.21405e+03 1.97336e-01
1.21412e+03 2.03187e-01
1.21420e+03 2.09004e-01
1.21427e+03 2.14768e-01
1.21434e+03 2.20468e-01
1.21441e+03 2.26085e-01
1.21449e+03 2.31597e-01
1.21456e+03 2.36994e-01
1.21463e+03 2.42256e-01
1.21471e+03 2.47363e-01
1.21478e+03 2.52298e-01
1.21485e+03 2.57047e-01
1.21493e+03 2.61614e-01
1.21500e+03 2.65972e-01
1.21507e+03 2.70138e-01
1.21514e+03 2.74070e-01
1.21522e+03 2.77758e-01
1.21529e+03 2.81169e-01
1.21536e+03 2.84290e-01
1.21544e+03 2.87109e-01
1.21551e+03 2.89617e-01
1.21558e+03 2.91804e-01
1.21566e+03 2.93662e-01
1.21573e+03 2.95183e-01
1.21580e+03 2.96363e-01
1.21587e+03 2.97198e-01
1.21595e+03 2.97683e-01
1.21602e+03 2.97818e-01
1.21609e+03 2.97603e-01
1.21617e+03 2.97038e-01
1.21624e+03 2.96126e-01
1.21631e+03 2.94871e-01
1.21638e+03 2.93279e-01
1.21646e+03 2.91354e-01
1.21653e+03 2.89104e-01
1.21660e+03 2.86540e-01
1.21668e+03 2.83671e-01
1.21675e+03 2.80508e-01
1.21682e+03 2.77062e-01
1.21690e+03 2.73349e-01
1.21697e+03 2.69379e-01
1.21704e+03 2.65168e-01
1.21711e+03 2.60733e-01
1.21719e+03 2.56088e-01
1.21726e+03 2.51248e-01
1.21733e+03 2.46235e-01
1.21741e+03 2.41060e-01
1.21748e+03 2.35740e-01
1.21755e+03 2.30298e-01
1.21763e+03 2.24751e-01
1.21770e+03 2.19111e-01
1.21777e+03 2.13399e-01
1.21784e+03 2.07633e-01
1.21792e+03 2.01825e-01
1.21799e+03 1.95995e-01
1.21806e+03 1.90160e-01
1.21814e+03 1.84330e-01
1.21821e+03 1.78524e-01
1.21828e+03 1.72756e-01
1.21835e+03 1.67037e-01
1.21843e+03 1.61378e-01
1.21850e+03 1.55797e-01
1.21857e+03 1.50304e-01
1.21865e+03 1.44904e-01
1.21872e+03 1.39611e-01
1.21879e+03 1.34434e-01
1.21887e+03 1.29377e-01
1.21894e+03 1.24450e-01
1.21901e+03 1.19659e-01
1.21908e+03 1.15008e-01
1.21916e+03 1.10499e-01
1.21923e+03 1.06142e-01
1.21930e+03 1.01937e-01
1.21938e+03 9.78854e-02
1.21945e+03 9.39888e-02
1.21952e+03 9.02501e-02
1.21960e+03 8.66663e-02
1.21967e+03 8.32384e-02
1.21974e+03 7.99671e-02
1.21981e+03 7.68480e-02
1.21989e+03 7.38804e-02
1.21996e+03 7.10632e-02
1.22003e+03 6.83912e-02
1.22011e+03 6.58614e-02
1.22018e+03 6.34723e-02
1.22025e+03 6.12201e-02
1.22032e+03 5.90989e-02
1.22040e+03 5.71054e-02
1.22047e+03 5.52360e-02
1.22054e+03 5.34846e-02
1.22062e+03 5.18475e-02
1.22069e+03 5.03205e-02
1.22076e+03 4.88978e-02
1.22084e+03 4.75751e-02
1.22091e+03 4.63483e-02
1.22098e+03 4.52117e-02
1.22105e+03 4.41607e-02
1.22113e+03 4.31916e-02
1.22120e+03 4.23000e-02
1.22127e+03 4.14807e-02
1.22135e+03 4.07297e-02
1.22142e+03 4.00434e-02
1.22149e+03 3.94170e-02
1.22157e+03 3.88470e-02
1.22164e+03 3.83301e-02
1.22171e+03 3.78621e-02
1.22178e+03 3.74399e-02
1.22186e+03 3.70605e-02
1.22193e+03 3.67204e-02
1.22200e+03 3.64167e-02
1.22208e+03 3.61471e-02
1.22215e+03 3.59087e-02
1.22222e+03 3.56991e-02
1.22229e+03 3.55159e-02
1.22237e+03 3.53570e-02
1.22244e+03 3.52204e-02
1.22251e+03 3.51042e-02
1.22259e+03 3.50067e-02
1.22266e+03 3.49261e-02
1.22273e+03 3.48610e-02
1.22281e+03 3.48100e-02
1.22288e+03 3.47718e-02
1.22295e+03 3.47451e-02
1.22302e+03 3.47290e-02
1.22310e+03 3.47223e-02
1.22317e+03 3.47241e-02
1.22324e+03 3.51776e-02
1.22500e+03 3.79121e-02
1.23500e+03 4.23430e-02
1.24500e+03 4.43902e-02
1.25500e+03 4.42399e-02
1.26500e+03 4.39973e-02
1.27500e+03 4.73417e-02
1.28500e+03 4.81200e-02
1.29500e+03 4.45200e-02
1.30500e+03 4.48274e-02
1.31500e+03 4.85703e-02
1.32500e+03 4.79809e-02
1.33500e+03 4.65611e-02
1.34500e+03 4.88996e-02
1.35500e+03 4.85068e-02
1.36500e+03 4.66838e-02
1.37500e+03 4.67210e-02
1.38500e+03 4.59400e-02
1.39500e+03 4.08529e-02
1.40500e+03 4.06091e-02
1.41500e+03 4.47983e-02
1.42500e+03 4.54375e-02
1.43500e+03 4.61997e-02
1.44200e+03 4.70302e-02
1.44700e+03 4.73062e-02
1.45500e+03 4.65336e-02
1.46500e+03 4.54090e-02
1.47500e+03 4.56532e-02
1.48500e+03 4.61414e-02
1.49500e+03 4.61180e-02
1.50500e+03 4.50933e-02
1.51200e+03 4.35550e-02
1.51700e+03 4.42063e-02
1.52500e+03 4.35738e-02
1.53500e+03 4.09995e-02
1.54500e+03 3.99251e-02
1.55500e+03 3.99179e-02
1.56500e+03 4.16901e-02
1.57500e+03 4.36288e-02
1.58500e+03 4.49665e-02
1.59500e+03 4.55957e-02
1.60500e+03 4.53010e-02
1.61500e+03 4.53429e-02
1.62500e+03 4.53108e-02
1.63500e+03 4.64568e-02
1.64500e+03 4.68484e-02
1.65500e+03 4.68528e-02
1.66500e+03 4.80930e-02
1.67200e+03 4.69055e-02
1.67700e+03 4.98203e-02
1.68500e+03 5.03859e-02
1.69500e+03 4.93622e-02
1.70500e+03 4.86948e-02
1.71500e+03 4.79412e-02
1.72500e+03 4.80328e-02
1.73500e+03 4.93923e-02
1.74500e+03 4.94995e-02
1.75500e+03 5.03080e-02
1.76500e+03 4.91137e-02
1.77500e+03 4.94666e-02
1.78500e+03 5.02766e-02
1.79500e+03 5.16317e-02
1.80500e+03 5.19319e-02
1.81500e+03 5.07953e-02
1.82500e+03 5.07765e-02
1.83500e+03 5.01864e-02
1.84500e+03 4.83104e-02
1.85500e+03 4.87879e-02
1.86500e+03 5.00050e-02
1.87500e+03 5.07286e-02
1.88500e+03 4.94585e-02
1.89500e+03 4.90664e-02
1.90500e+03 4.95752e-02
1.91500e+03 4.90176e-02
1.92500e+03 4.79887e-02
1.93500e+03 4.76724e-02
1.94500e+03 4.96451e-02
1.95500e+03 4.92215e-02
1.96700e+03 5.08091e-02
1.97600e+03 5.10474e-02
1.98400e+03 5.06529e-02
1.99500e+03 5.01720e-02
2.00500e+03 5.01018e-02
2.01500e+03 4.99670e-02
2.02500e+03 4.95308e-02
2.03500e+03 5.03812e-02
2.04500e+03 5.09827e-02
2.05500e+03 4.83042e-02
2.06500e+03 4.88583e-02
2.07400e+03 5.21676e-02
2.07800e+03 5.77872e-02
2.08500e+03 6.04366e-02
2.09500e+03 5.88368e-02
2.10500e+03 5.81645e-02
2.11500e+03 5.94947e-02
2.12500e+03 5.79926e-02
2.13500e+03 5.68162e-02
2.14500e+03 5.99671e-02
2.15500e+03 6.02177e-02
2.16500e+03 5.77130e-02
2.17500e+03 5.79749e-02
2.18500e+03 6.12860e-02
2.19500e+03 6.23392e-02
2.20500e+03 6.08240e-02
2.21500e+03 5.68591e-02
2.22500e+03 5.90515e-02
2.23500e+03 6.45057e-02
2.24500e+03 6.32918e-02
2.25500e+03 5.84523e-02
2.26500e+03 5.76197e-02
2.27500e+03 6.06006e-02
2.28500e+03 6.59542e-02
2.29500e+03 6.37937e-02
2.30500e+03 6.71679e-02
2.31500e+03 6.44824e-02
2.32500e+03 5.89378e-02
2.33500e+03 5.79046e-02
2.34500e+03 5.53102e-02
2.35500e+03 6.25756e-02
2.36500e+03 5.73662e-02
2.37500e+03 5.89197e-02
2.38500e+03 5.38098e-02
2.39500e+03 5.60415e-02
2.40500e+03 5.68812e-02
2.41500e+03 6.06041e-02
2.42500e+03 7.05052e-02
2.43500e+03 7.28536e-02
2.44500e+03 7.79939e-02
2.45500e+03 7.98677e-02
2.46500e+03 7.60674e-02
2.47500e+03 7.11970e-02
2.48500e+03 6.36218e-02
2.49500e+03 6.59060e-02
2.50500e+03 7.43757e-02
2.51300e+03 6.17302e-02
2.51800e+03 5.66815e-02
2.52500e+03 5.81393e-02
2.53500e+03 6.42836e-02
2.54500e+03 6.85726e-02
2.55500e+03 8.14905e-02
2.56500e+03 7.69782e-02
2.57500e+03 8.22731e-02
2.58500e+03 7.99215e-02
2.59500e+03 7.62626e-02
2.60500e+03 7.21117e-02
2.61500e+03 7.07370e-02
2.62500e+03 8.12311e-02
2.63500e+03 1.04323e-01
2.64500e+03 1.28369e-01
2.65500e+03 1.50121e-01
2.66500e+03 1.24766e-01
2.67500e+03 1.29821e-01
2.68500e+03 1.38469e-01
2.69500e+03 1.22453e-01
2.70500e+03 1.28884e-01
2.71500e+03 1.11075e-01
2.72500e+03 1.00566e-01
2.73500e+03 1.05917e-01
2.74500e+03 8.80409e-02
2.75500e+03 9.66776e-02
2.76500e+03 1.11159e-01
2.77500e+03 1.13597e-01
2.78500e+03 9.02384e-02
2.79500e+03 6.72673e-02
2.80500e+03 7.30661e-02
2.81500e+03 1.07813e-01
2.82500e+03 1.32020e-01
2.83500e+03 1.28115e-01
2.84500e+03 1.07243e-01
2.85500e+03 9.12930e-02
2.86500e+03 1.26960e-01
2.87500e+03 1.52205e-01
2.88500e+03 1.50749e-01
2.89500e+03 1.72908e-01
2.91000e+03 2.02902e-01
2.93000e+03 1.90384e-01
2.95000e+03 1.80215e-01
2.97000e+03 1.83421e-01
2.99000e+03 1.86045e-01
3.01000e+03 1.88182e-01
3.03000e+03 1.96385e-01
3.05000e+03 2.05357e-01
3.07000e+03 2.16691e-01
3.09000e+03 2.19198e-01
3.11000e+03 2.36835e-01
3.13000e+03 2.28166e-01
3.15000e+03 2.26693e-01
3.17000e+03 2.35125e-01
3.19000e+03 2.20789e-01
3.21000e+03 2.30222e-01
3.23000e+03 2.21915e-01
3.25000e+03 2.73071e-01
3.27000e+03 3.09493e-01
3.29000e+03 3.08798e-01
3.31000e+03 2.96859e-01
3.33000e+03 3.00496e-01
3.35000e+03 2.89755e-01
3.37000e+03 2.49108e-01
3.39000e+03 2.64196e-01
3.41000e+03 2.74377e-01
3.43000e+03 2.85762e-01
3.45000e+03 2.95655e-01
3.47000e+03 3.07313e-01
3.49000e+03 3.33551e-01
3.51000e+03 3.47529e-01
3.53000e+03 3.32568e-01
3.55000e+03 3.48538e-01
3.57000e+03 2.82937e-01
3.59000e+03 2.79584e-01
3.61000e+03 3.21669e-01
3.63000e+03 3.40170e-01
3.64000e+03 3.58969e-01
3.65000e+03 3.95777e-01
3.67000e+03 4.09475e-01
3.69000e+03 3.88945e-01
3.70466e+03 3.96025e-01
3.70488e+03 4.01126e-01
3.70511e+03 4.01410e-01
3.70533e+03 4.01693e-01
3.70555e+03 4.01974e-01
3.70578e+03 4.02259e-01
3.70600e+03 4.02542e-01
3.70622e+03 4.02823e-01
3.70645e+03 4.03106e-01
3.70667e+03 4.03388e-01
3.70689e+03 4.03670e-01
3.70712e+03 4.03953e-01
3.70734e+03 4.04236e-01
3.70756e+03 4.04517e-01
3.70779e+03 4.04800e-01
3.70801e+03 4.05083e-01
3.70824e+03 4.05366e-01
3.70846e+03 4.05648e-01
3.70868e+03 4.05929e-01
3.70891e+03 4.06213e-01
3.70913e+03 4.06494e-01
3.70935e+03 4.06778e-01
3.70958e+03 4.07061e-01
3.70980e+03 4.07335e-01
3.71000e+03 4.07532e-01
3.71002e+03 4.07211e-01
3.71025e+03 4.06307e-01
3.71047e+03 4.05148e-01
3.71070e+03 4.03992e-01
3.71092e+03 4.02833e-01
3.71114e+03 4.01676e-01
3.71137e+03 4.00523e-01
3.71159e+03 3.99368e-01
3.71181e+03 3.98213e-01
3.71204e+03 3.97062e-01
3.71226e+03 3.95910e-01
3.71248e+03 3.94761e-01
3.71271e+03 3.93616e-01
3.71293e+03 3.92473e-01
3.71316e+03 3.91336e-01
3.71338e+03 3.90202e-01
3.71360e+03 3.89074e-01
3.71383e+03 3.87958e-01
3.71405e+03 3.86847e-01
3.71427e+03 3.85746e-01
3.71450e+03 3.84661e-01
3.71472e+03 3.83595e-01
3.71494e+03 3.82555e-01
3.71517e+03 3.81540e-01
3.71539e+03 3.80550e-01
3.71562e+03 3.79596e-01
3.71584e+03 3.78674e-01
3.71606e+03 3.77798e-01
3.71629e+03 3.76974e-01
3.71651e+03 3.76207e-01
3.71673e+03 3.75508e-01
3.71696e+03 3.74889e-01
3.71718e+03 3.74358e-01
3.71740e+03 3.73929e-01
3.71763e+03 3.73617e-01
3.71785e+03 3.73434e-01
3.71808e+03 3.73397e-01
3.71830e+03 3.73523e-01
3.71852e+03 3.73828e-01
3.71875e+03 3.74339e-01
3.71897e+03 3.75062e-01
3.71919e+03 3.76028e-01
3.71942e+03 3.77254e-01
3.71964e+03 3.78762e-01
3.71986e+03 3.80571e-01
3.72009e+03 3.82701e-01
3.72031e+03 3.85173e-01
3.72053e+03 3.88002e-01
3.72076e+03 3.91209e-01
3.72098e+03 3.94803e-01
3.72121e+03 3.98800e-01
3.72143e+03 4.03206e-01
3.72165e+03 4.08021e-01
3.72188e+03 4.13252e-01
3.72210e+03 4.18889e-01
3.72232e+03 4.24926e-01
3.72255e+03 4.31347e-01
3.72277e+03 4.38129e-01
3.72299e+03 4.45248e-01
3.72322e+03 4.52670e-01
3.72344e+03 4.60355e-01
3.72367e+03 4.68259e-01
3.72389e+03 4.76329e-01
3.72411e+03 4.84506e-01
3.72434e+03 4.92738e-01
3.72456e+03 5.00946e-01
3.72478e+03 5.09064e-01
3.72501e+03 5.17025e-01
3.72523e+03 5.24750e-01
3.72545e+03 5.32162e-01
3.72568e+03 5.39186e-01
3.72590e+03 5.45744e-01
3.72613e+03 5.51768e-01
3.72635e+03 5.57180e-01
3.72657e+03 5.61919e-01
3.72680e+03 5.65929e-01
3.72702e+03 5.69149e-01
3.72724e+03 5.71539e-01
3.72747e+03 5.73061e-01
3.72769e+03 5.73686e-01
3.72791e+03 5.73392e-01
3.72814e+03 5.72176e-01
3.72836e+03 5.70033e-01
3.72859e+03 5.66979e-01
3.72881e+03 5.63029e-01
3.72903e+03 5.58217e-01
3.72926e+03 5.52581e-01
3.72948e+03 5.46169e-01
3.72970e+03 5.39033e-01
3.72993e+03 5.32623e-01
3.73000e+03 5.28014e-01
3.73015e+03 5.23379e-01
3.73037e+03 5.16677e-01
3.73060e+03 5.08957e-01
3.73082e+03 5.00857e-01
3.73105e+03 4.92458e-01
3.73127e+03 4.83833e-01
3.73149e+03 4.75056e-01
3.73172e+03 4.66207e-01
3.73194e+03 4.57348e-01
3.73216e+03 4.48549e-01
3.73239e+03 4.39869e-01
3.73261e+03 4.31364e-01
3.73283e+03 4.23084e-01
3.73306e+03 4.15077e-01
3.73328e+03 4.07375e-01
3.73351e+03 4.00020e-01
3.73373e+03 3.93027e-01
3.73395e+03 3.86422e-01
3.73418e+03 3.80214e-01
3.73440e+03 3.74416e-01
3.73462e+03 3.69030e-01
3.73485e+03 3.64056e-01
3.73507e+03 3.59491e-01
3.73529e+03 3.55324e-01
3.73552e+03 3.51545e-01
3.73574e+03 3.48139e-01
3.73596e+03 3.45087e-01
3.73619e+03 3.42375e-01
3.73641e+03 3.39983e-01
3.73664e+03 3.37888e-01
3.73686e+03 3.36072e-01
3.73708e+03 3.34511e-01
3.73731e+03 3.33187e-01
3.73753e+03 3.32080e-01
3.73775e+03 3.31169e-01
3.73798e+03 3.30437e-01
3.73820e+03 3.29866e-01
3.73842e+03 3.29436e-01
3.73865e+03 3.29135e-01
3.73887e+03 3.28946e-01
3.73910e+03 3.28860e-01
3.73932e+03 3.28858e-01
3.73954e+03 3.28932e-01
3.73977e+03 3.29076e-01
3.73999e+03 3.29277e-01
3.74021e+03 3.29524e-01
3.74044e+03 3.29818e-01
3.74066e+03 3.30145e-01
3.74088e+03 3.30507e-01
3.74111e+03 3.30894e-01
3.74133e+03 3.31300e-01
3.74156e+03 3.31729e-01
3.74178e+03 3.32169e-01
3.74200e+03 3.32624e-01
3.74223e+03 3.33091e-01
3.74245e+03 3.33565e-01
3.74267e+03 3.34046e-01
3.74290e+03 3.34533e-01
3.74312e+03 3.35025e-01
3.74334e+03 3.35521e-01
3.74357e+03 3.36022e-01
3.74379e+03 3.36524e-01
3.74402e+03 3.37029e-01
3.74424e+03 3.37532e-01
3.74446e+03 3.38039e-01
3.74469e+03 3.38548e-01
3.74491e+03 3.39056e-01
3.74513e+03 3.39564e-01
3.74536e+03 3.40076e-01
3.74558e+03 3.40587e-01
3.74580e+03 3.41096e-01
3.74603e+03 3.41607e-01
3.74625e+03 3.42117e-01
3.74648e+03 3.42628e-01
3.74670e+03 3.43139e-01
3.74692e+03 3.43649e-01
3.74715e+03 3.44163e-01
3.74737e+03 3.44672e-01
3.74759e+03 3.45183e-01
3.74782e+03 3.45694e-01
3.74804e+03 3.46205e-01
3.74826e+03 3.46717e-01
3.74849e+03 3.47228e-01
3.74871e+03 3.47741e-01
3.74893e+03 3.48250e-01
3.74916e+03 3.49118e-01
3.75000e+03 3.70400e-01
3.77000e+03 4.25246e-01
3.79000e+03 4.52112e-01
3.81000e+03 4.30715e-01
3.83000e+03 3.28425e-01
3.85000e+03 3.81556e-01
3.87000e+03 3.99180e-01
3.89000e+03 4.29862e-01
3.91000e+03 4.83918e-01
3.93000e+03 3.64217e-01
3.95000e+03 4.33368e-01
3.97000e+03 3.82454e-01
3.99000e+03 5.93946e-01
4.01000e+03 6.67539e-01
4.03000e+03 6.62383e-01
4.05000e+03 6.41923e-01
4.07000e+03 6.20629e-01
4.07820e+03 6.42468e-01
4.07845e+03 6.53716e-01
4.07870e+03 6.54886e-01
4.07894e+03 6.56057e-01
4.07919e+03 6.57228e-01
4.07943e+03 6.58398e-01
4.07968e+03 6.59568e-01
4.07993e+03 6.60738e-01
4.08017e+03 6.61907e-01
4.08042e+03 6.63077e-01
4.08066e+03 6.64246e-01
4.08091e+03 6.65415e-01
4.08116e+03 6.66583e-01
4.08140e+03 6.67751e-01
4.08165e+03 6.68920e-01
4.08190e+03 6.70086e-01
4.08214e+03 6.71255e-01
4.08239e+03 6.72421e-01
4.08263e+03 6.73588e-01
4.08288e+03 6.74754e-01
4.08313e+03 6.75920e-01
4.08337e+03 6.77087e-01
4.08362e+03 6.78252e-01
4.08386e+03 6.79417e-01
4.08411e+03 6.80584e-01
4.08436e+03 6.81749e-01
4.08460e+03 6.82914e-01
4.08485e+03 6.84079e-01
4.08510e+03 6.85245e-01
4.08534e+03 6.86410e-01
4.08559e+03 6.87576e-01
4.08583e+03 6.88739e-01
4.08608e+03 6.89905e-01
4.08633e+03 6.91071e-01
4.08657e+03 6.92237e-01
4.08682e+03 6.93405e-01
4.08706e+03 6.94573e-01
4.08731e+03 6.95743e-01
4.08756e+03 6.96913e-01
4.08780e+03 6.98086e-01
4.08805e+03 6.99262e-01
4.08830e+03 7.00440e-01
4.08854e+03 7.01621e-01
4.08879e+03 7.02809e-01
4.08903e+03 7.03998e-01
4.08928e+03 7.05195e-01
4.08953e+03 7.06400e-01
4.08977e+03 7.07587e-01
4.09000e+03 7.08462e-01
4.09002e+03 7.08579e-01
4.09026e+03 7.08112e-01
4.09051e+03 7.07543e-01
4.09076e+03 7.06988e-01
4.09100e+03 7.06451e-01
4.09125e+03 7.05934e-01
4.09150e+03 7.05437e-01
4.09174e+03 7.04969e-01
4.09199e+03 7.04529e-01
4.09223e+03 7.04120e-01
4.09248e+03 7.03746e-01
4.09273e+03 7.03411e-01
4.09297e+03 7.03120e-01
4.09322e+03 7.02872e-01
4.09347e+03 7.02676e-01
4.09371e+03 7.02531e-01
4.09396e+03 7.02447e-01
4.09420e+03 7.02422e-01
4.09445e+03 7.02462e-01
4.09470e+03 7.02570e-01
4.09494e+03 7.02748e-01
4.09519e+03 7.03000e-01
4.09543e+03 7.03324e-01
4.09568e+03 7.03728e-01
4.09593e+03 7.04204e-01
4.09617e+03 7.04759e-01
4.09642e+03 7.05387e-01
4.09667e+03 7.06086e-01
4.09691e+03 7.06854e-01
4.09716e+03 7.07688e-01
4.09740e+03 7.08582e-01
4.09765e+03 7.09528e-01
4.09790e+03 7.10518e-01
4.09814e+03 7.11543e-01
4.09839e+03 7.12594e-01
4.09863e+03 7.13661e-01
4.09888e+03 7.14732e-01
4.09913e+03 7.15794e-01
4.09937e+03 7.16831e-01
4.09962e+03 7.17834e-01
4.09987e+03 7.18785e-01
4.10011e+03 7.19673e-01
4.10036e+03 7.20482e-01
4.10060e+03 7.21200e-01
4.10085e+03 7.21812e-01
4.10110e+03 7.22308e-01
4.10134e+03 7.22673e-01
4.10159e+03 7.22900e-01
4.10183e+03 7.22978e-01
4.10208e+03 7.22897e-01
4.10233e+03 7.22655e-01
4.10257e+03 7.22249e-01
4.10282e+03 7.21669e-01
4.10307e+03 7.20922e-01
4.10331e+03 7.20006e-01
4.10356e+03 7.18923e-01
4.10380e+03 7.17668e-01
4.10405e+03 7.16259e-01
4.10430e+03 7.14704e-01
4.10454e+03 7.13010e-01
4.10479e+03 7.11189e-01
4.10503e+03 7.09252e-01
4.10528e+03 7.07208e-01
4.10553e+03 7.05077e-01
4.10577e+03 7.02870e-01
4.10602e+03 7.00602e-01
4.10627e+03 6.98284e-01
4.10651e+03 6.95932e-01
4.10676e+03 6.93559e-01
4.10700e+03 6.91179e-01
4.10725e+03 6.88803e-01
4.10750e+03 6.86444e-01
4.10774e+03 6.84115e-01
4.10799e+03 6.81821e-01
4.10823e+03 6.79568e-01
4.10848e+03 6.77363e-01
4.10873e+03 6.75219e-01
4.10897e+03 6.73142e-01
4.10922e+03 6.71133e-01
4.10947e+03 6.69199e-01
4.10971e+03 6.67339e-01
4.10996e+03 6.65896e-01
4.11000e+03 6.65141e-01
4.11020e+03 6.64561e-01
4.11045e+03 6.63858e-01
4.11070e+03 6.63198e-01
4.11094e+03 6.62612e-01
4.11119e+03 6.62096e-01
4.11144e+03 6.61644e-01
4.11168e+03 6.61259e-01
4.11193e+03 6.60931e-01
4.11217e+03 6.60664e-01
4.11242e+03 6.60447e-01
4.11267e+03 6.60280e-01
4.11291e+03 6.60158e-01
4.11316e+03 6.60079e-01
4.11340e+03 6.60036e-01
4.11365e+03 6.60028e-01
4.11390e+03 6.60050e-01
4.11414e+03 6.60101e-01
4.11439e+03 6.60171e-01
4.11464e+03 6.60267e-01
4.11488e+03 6.60380e-01
4.11513e+03 6.60511e-01
4.11537e+03 6.60657e-01
4.11562e+03 6.60815e-01
4.11587e+03 6.60984e-01
4.11611e+03 6.61164e-01
4.11636e+03 6.61352e-01
4.11660e+03 6.61549e-01
4.11685e+03 6.61750e-01
4.11710e+03 6.61956e-01
4.11734e+03 6.62167e-01
4.11759e+03 6.62382e-01
4.11784e+03 6.62599e-01
4.11808e+03 6.62819e-01
4.11833e+03 6.63041e-01
4.11857e+03 6.63265e-01
4.11882e+03 6.63491e-01
4.11907e+03 6.63717e-01
4.11931e+03 6.63943e-01
4.11956e+03 6.64171e-01
4.11981e+03 6.64391e-01
4.12005e+03 6.64609e-01
4.12030e+03 6.64827e-01
4.12054e+03 6.65046e-01
4.12079e+03 6.65264e-01
4.12104e+03 6.65482e-01
4.12128e+03 6.65702e-01
4.12153e+03 6.65921e-01
4.12177e+03 6.66141e-01
4.12202e+03 6.66357e-01
4.12227e+03 6.66577e-01
4.12251e+03 6.66796e-01
4.12276e+03 6.67015e-01
4.12301e+03 6.67231e-01
4.12325e+03 6.67452e-01
4.12350e+03 6.67670e-01
4.12374e+03 6.67889e-01
4.12399e+03 6.68107e-01
4.12424e+03 6.68325e-01
4.12448e+03 6.68544e-01
4.12473e+03 6.68761e-01
4.12497e+03 6.68981e-01
4.12522e+03 6.69199e-01
4.12547e+03 6.69416e-01
4.12571e+03 6.69635e-01
4.12596e+03 6.69853e-01
4.12621e+03 6.70070e-01
4.12645e+03 6.70288e-01
4.12670e+03 6.70506e-01
4.12694e+03 6.70723e-01
4.12719e+03 6.71785e-01
4.13000e+03 6.73125e-01
4.15000e+03 6.66085e-01
4.17000e+03 6.68630e-01
4.19000e+03 6.59365e-01
4.21000e+03 6.58919e-01
4.23000e+03 6.42967e-01
4.25000e+03 6.59061e-01
4.27000e+03 6.34880e-01
4.29000e+03 5.96299e-01
4.31000e+03 5.45049e-01
4.31565e+03 5.65819e-01
4.31591e+03 5.79701e-01
4.31617e+03 5.81865e-01
4.31643e+03 5.84025e-01
4.31669e+03 5.86185e-01
4.31695e+03 5.88345e-01
4.31721e+03 5.90503e-01
4.31747e+03 5.92659e-01
4.31773e+03 5.94817e-01
4.31799e+03 5.96974e-01
4.31825e+03 5.99129e-01
4.31852e+03 6.01282e-01
4.31878e+03 6.03436e-01
4.31904e+03 6.05588e-01
4.31930e+03 6.07742e-01
4.31956e+03 6.09893e-01
4.31982e+03 6.12043e-01
4.32008e+03 6.14193e-01
4.32034e+03 6.16342e-01
4.32060e+03 6.18491e-01
4.32086e+03 6.20639e-01
4.32112e+03 6.22785e-01
4.32138e+03 6.24933e-01
4.32164e+03 6.27079e-01
4.32190e+03 6.29224e-01
4.32216e+03 6.31366e-01
4.32242e+03 6.33511e-01
4.32268e+03 6.35655e-01
4.32294e+03 6.37799e-01
4.32320e+03 6.39942e-01
4.32346e+03 6.42085e-01
4.32373e+03 6.44228e-01
4.32399e+03 6.46369e-01
4.32425e+03 6.48515e-01
4.32451e+03 6.50658e-01
4.32477e+03 6.52804e-01
4.32503e+03 6.54951e-01
4.32529e+03 6.57100e-01
4.32555e+03 6.59253e-01
4.32581e+03 6.61406e-01
4.32607e+03 6.63567e-01
4.32633e+03 6.65733e-01
4.32659e+03 6.67904e-01
4.32685e+03 6.70085e-01
4.32711e+03 6.72272e-01
4.32737e+03 6.74473e-01
4.32763e+03 6.76688e-01
4.32789e+03 6.78918e-01
4.32815e+03 6.81166e-01
4.32841e+03 6.83437e-01
4.32867e+03 6.85731e-01
4.32894e+03 6.88054e-01
4.32920e+03 6.90411e-01
4.32946e+03 6.92806e-01
4.32972e+03 6.95242e-01
4.32998e+03 6.97125e-01
4.33000e+03 6.98003e-01
4.33024e+03 6.98136e-01
4.33050e+03 6.98383e-01
4.33076e+03 6.98706e-01
4.33102e+03 6.99105e-01
4.33128e+03 6.99583e-01
4.33154e+03 7.00150e-01
4.33180e+03 7.00813e-01
4.33206e+03 7.01578e-01
4.33232e+03 7.02453e-01
4.33258e+03 7.03446e-01
4.33284e+03 7.04562e-01
4.33310e+03 7.05810e-01
4.33336e+03 7.07191e-01
4.33362e+03 7.08712e-01
4.33388e+03 7.10377e-01
4.33415e+03 7.12184e-01
4.33441e+03 7.14140e-01
4.33467e+03 7.16241e-01
4.33493e+03 7.18484e-01
4.33519e+03 7.20867e-01
4.33545e+03 7.23381e-01
4.33571e+03 7.26019e-01
4.33597e+03 7.28771e-01
4.33623e+03 7.31623e-01
4.33649e+03 7.34559e-01
4.33675e+03 7.37565e-01
4.33701e+03 7.40620e-01
4.33727e+03 7.43705e-01
4.33753e+03 7.46793e-01
4.33779e+03 7.49863e-01
4.33805e+03 7.52891e-01
4.33831e+03 7.55848e-01
4.33857e+03 7.58707e-01
4.33883e+03 7.61443e-01
4.33909e+03 7.64028e-01
4.33935e+03 7.66436e-01
4.33962e+03 7.68641e-01
4.33988e+03 7.70619e-01
4.34014e+03 7.72351e-01
4.34040e+03 7.73813e-01
4.34066e+03 7.74988e-01
4.34092e+03 7.75866e-01
4.34118e+03 7.76427e-01
4.34144e+03 7.76671e-01
4.34170e+03 7.76587e-01
4.34196e+03 7.76178e-01
4.34222e+03 7.75441e-01
4.34248e+03 7.74386e-01
4.34274e+03 7.73021e-01
4.34300e+03 7.71357e-01
4.34326e+03 7.69409e-01
4.34352e+03 7.67195e-01
4.34378e+03 7.64738e-01
4.34404e+03 7.62058e-01
4.34430e+03 7.59179e-01
4.34457e+03 7.56123e-01
4.34483e+03 7.52925e-01
4.34509e+03 7.49606e-01
4.34535e+03 7.46195e-01
4.34561e+03 7.42720e-01
4.34587e+03 7.39204e-01
4.34613e+03 7.35672e-01
4.34639e+03 7.32152e-01
4.34665e+03 7.28663e-01
4.34691e+03 7.25226e-01
4.34717e+03 7.21861e-01
4.34743e+03 7.18583e-01
4.34769e+03 7.15408e-01
4.34795e+03 7.12349e-01
4.34821e+03 7.09414e-01
4.34847e+03 7.06612e-01
4.34873e+03 7.03951e-01
4.34899e+03 7.01432e-01
4.34925e+03 6.99059e-01
4.34951e+03 6.96831e-01
4.34978e+03 6.94813e-01
4.35000e+03 6.93393e-01
4.35004e+03 6.92868e-01
4.35030e+03 6.92411e-01
4.35056e+03 6.91975e-01
4.35082e+03 6.91669e-01
4.35108e+03 6.91485e-01
4.35134e+03 6.91416e-01
4.35160e+03 6.91457e-01
4.35186e+03 6.91599e-01
4.35212e+03 6.91835e-01
4.35238e+03 6.92157e-01
4.35264e+03 6.92556e-01
4.35290e+03 6.93032e-01
4.35316e+03 6.93572e-01
4.35342e+03 6.94170e-01
4.35368e+03 6.94823e-01
4.35394e+03 6.95523e-01
4.35420e+03 6.96264e-01
4.35446e+03 6.97044e-01
4.35472e+03 6.97855e-01
4.35499e+03 6.98693e-01
4.35525e+03 6.99558e-01
4.35551e+03 7.00444e-01
4.35577e+03 7.01350e-01
4.35603e+03 7.02267e-01
4.35629e+03 7.03203e-01
4.35655e+03 7.04149e-01
4.35681e+03 7.05104e-01
4.35707e+03 7.06067e-01
4.35733e+03 7.07038e-01
4.35759e+03 7.08014e-01
4.35785e+03 7.08993e-01
4.35811e+03 7.09977e-01
4.35837e+03 7.10964e-01
4.35863e+03 7.11953e-01
4.35889e+03 7.12945e-01
4.35915e+03 7.13939e-01
4.35941e+03 7.14933e-01
4.35967e+03 7.15927e-01
4.35993e+03 7.16923e-01
4.36020e+03 7.17918e-01
4.36046e+03 7.18913e-01
4.36072e+03 7.19912e-01
4.36098e+03 7.20907e-01
4.36124e+03 7.21905e-01
4.36150e+03 7.22901e-01
4.36176e+03 7.23897e-01
4.36202e+03 7.24893e-01
4.36228e+03 7.25889e-01
4.36254e+03 7.26883e-01
4.36280e+03 7.27878e-01
4.36306e+03 7.28872e-01
4.36332e+03 7.29869e-01
4.36358e+03 7.30861e-01
4.36384e+03 7.31856e-01
4.36410e+03 7.32849e-01
4.36436e+03 7.33842e-01
4.36462e+03 7.34835e-01
4.36488e+03 7.35827e-01
4.36515e+03 7.36817e-01
4.36541e+03 7.37808e-01
4.36567e+03 7.38798e-01
4.36593e+03 7.39792e-01
4.36619e+03 7.40782e-01
4.36645e+03 7.41772e-01
4.36671e+03 7.42761e-01
4.36697e+03 7.43751e-01
4.36723e+03 7.44740e-01
4.36749e+03 7.48149e-01
4.37000e+03 7.41118e-01
4.39000e+03 6.97597e-01
4.41000e+03 7.22872e-01
4.43000e+03 7.66500e-01
4.45000e+03 7.83530e-01
4.47000e+03 8.20810e-01
4.49000e+03 8.53771e-01
4.51000e+03 9.15940e-01
4.53000e+03 8.55083e-01
4.55000e+03 8.75349e-01
4.57000e+03 9.18617e-01
4.59000e+03 8.96120e-01
4.61000e+03 9.02637e-01
4.63000e+03 8.91791e-01
4.65000e+03 8.99230e-01
4.67000e+03 9.22236e-01
4.69000e+03 9.13447e-01
4.71000e+03 8.96772e-01
4.73000e+03 9.17403e-01
4.75000e+03 9.39103e-01
4.77000e+03 9.34797e-01
4.79000e+03 9.38717e-01
4.81000e+03 9.48574e-01
4.83000e+03 9.71057e-01
4.83484e+03 9.69155e-01
4.83513e+03 9.65652e-01
4.83542e+03 9.64932e-01
4.83571e+03 9.64212e-01
4.83600e+03 9.63492e-01
4.83629e+03 9.62771e-01
4.83659e+03 9.62055e-01
4.83688e+03 9.61334e-01
4.83717e+03 9.60615e-01
4.83746e+03 9.59894e-01
4.83775e+03 9.59174e-01
4.83805e+03 9.58459e-01
4.83834e+03 9.57741e-01
4.83863e+03 9.57022e-01
4.83892e+03 9.56301e-01
4.83921e+03 9.55585e-01
4.83950e+03 9.54868e-01
4.83980e+03 9.54156e-01
4.84009e+03 9.53440e-01
4.84038e+03 9.52728e-01
4.84067e+03 9.52015e-01
4.84096e+03 9.51304e-01
4.84126e+03 9.50601e-01
4.84155e+03 9.49899e-01
4.84184e+03 9.49199e-01
4.84213e+03 9.48506e-01
4.84242e+03 9.47817e-01
4.84272e+03 9.47141e-01
4.84301e+03 9.46470e-01
4.84330e+03 9.45813e-01
4.84359e+03 9.45166e-01
4.84388e+03 9.44537e-01
4.84417e+03 9.43926e-01
4.84447e+03 9.43345e-01
4.84476e+03 9.42786e-01
4.84505e+03 9.42257e-01
4.84534e+03 9.41767e-01
4.84563e+03 9.41322e-01
4.84593e+03 9.40930e-01
4.84622e+03 9.40594e-01
4.84651e+03 9.40328e-01
4.84680e+03 9.40136e-01
4.84709e+03 9.40036e-01
4.84738e+03 9.40034e-01
4.84768e+03 9.40151e-01
4.84797e+03 9.40394e-01
4.84826e+03 9.40776e-01
4.84855e+03 9.41318e-01
4.84884e+03 9.42035e-01
4.84914e+03 9.42951e-01
4.84943e+03 9.44074e-01
4.84972e+03 9.45411e-01
4.85000e+03 9.46562e-01
4.85001e+03 9.47344e-01
4.85030e+03 9.48517e-01
4.85059e+03 9.50307e-01
4.85089e+03 9.52406e-01
4.85118e+03 9.54822e-01
4.85147e+03 9.57572e-01
4.85176e+03 9.60672e-01
4.85205e+03 9.64132e-01
4.85235e+03 9.67964e-01
4.85264e+03 9.72165e-01
4.85293e+03 9.76743e-01
4.85322e+03 9.81689e-01
4.85351e+03 9.87003e-01
4.85381e+03 9.92675e-01
4.85410e+03 9.98674e-01
4.85439e+03 1.00499e+00
4.85468e+03 1.01158e+00
4.85497e+03 1.01843e+00
4.85526e+03 1.02548e+00
4.85556e+03 1.03271e+00
4.85585e+03 1.04004e+00
4.85614e+03 1.04745e+00
4.85643e+03 1.05484e+00
4.85672e+03 1.06218e+00
4.85702e+03 1.06939e+00
4.85731e+03 1.07642e+00
4.85760e+03 1.08316e+00
4.85789e+03 1.08959e+00
4.85818e+03 1.09561e+00
4.85847e+03 1.10115e+00
4.85877e+03 1.10618e+00
4.85906e+03 1.11059e+00
4.85935e+03 1.11437e+00
4.85964e+03 1.11745e+00
4.85993e+03 1.11976e+00
4.86023e+03 1.12131e+00
4.86052e+03 1.12206e+00
4.86081e+03 1.12198e+00
4.86110e+03 1.12107e+00
4.86139e+03 1.11930e+00
4.86168e+03 1.11672e+00
4.86198e+03 1.11332e+00
4.86227e+03 1.10911e+00
4.86256e+03 1.10416e+00
4.86285e+03 1.09848e+00
4.86314e+03 1.09213e+00
4.86344e+03 1.08519e+00
4.86373e+03 1.07768e+00
4.86402e+03 1.06967e+00
4.86431e+03 1.06123e+00
4.86460e+03 1.05243e+00
4.86490e+03 1.04335e+00
4.86519e+03 1.03403e+00
4.86548e+03 1.02458e+00
4.86577e+03 1.01502e+00
4.86606e+03 1.00544e+00
4.86635e+03 9.95907e-01
4.86665e+03 9.86472e-01
4.86694e+03 9.77177e-01
4.86723e+03 9.68075e-01
4.86752e+03 9.59211e-01
4.86781e+03 9.50617e-01
4.86811e+03 9.42326e-01
4.86840e+03 9.34361e-01
4.86869e+03 9.26740e-01
4.86898e+03 9.19479e-01
4.86927e+03 9.12591e-01
4.86956e+03 9.06072e-01
4.86986e+03 9.00680e-01
4.87000e+03 8.97203e-01
4.87015e+03 8.95239e-01
4.87044e+03 8.92990e-01
4.87073e+03 8.90742e-01
4.87102e+03 8.88839e-01
4.87132e+03 8.87268e-01
4.87161e+03 8.86002e-01
4.87190e+03 8.85027e-01
4.87219e+03 8.84331e-01
4.87248e+03 8.83889e-01
4.87277e+03 8.83686e-01
4.87307e+03 8.83704e-01
4.87336e+03 8.83909e-01
4.87365e+03 8.84297e-01
4.87394e+03 8.84848e-01
4.87423e+03 8.85549e-01
4.87453e+03 8.86384e-01
4.87482e+03 8.87337e-01
4.87511e+03 8.88395e-01
4.87540e+03 8.89548e-01
4.87569e+03 8.90780e-01
4.87598e+03 8.92085e-01
4.87628e+03 8.93453e-01
4.87657e+03 8.94876e-01
4.87686e+03 8.96344e-01
4.87715e+03 8.97851e-01
4.87744e+03 8.99393e-01
4.87774e+03 9.00966e-01
4.87803e+03 9.02562e-01
4.87832e+03 9.04179e-01
4.87861e+03 9.05811e-01
4.87890e+03 9.07459e-01
4.87920e+03 9.09123e-01
4.87949e+03 9.10793e-01
4.87978e+03 9.12472e-01
4.88007e+03 9.14157e-01
4.88036e+03 9.15848e-01
4.88065e+03 9.17544e-01
4.88095e+03 9.19246e-01
4.88124e+03 9.20948e-01
4.88153e+03 9.22652e-01
4.88182e+03 9.24359e-01
4.88211e+03 9.26066e-01
4.88241e+03 9.27777e-01
4.88270e+03 9.29488e-01
4.88299e+03 9.31199e-01
4.88328e+03 9.32909e-01
4.88357e+03 9.34620e-01
4.88386e+03 9.36332e-01
4.88416e+03 9.38048e-01
4.88445e+03 9.39759e-01
4.88474e+03 9.41472e-01
4.88503e+03 9.43185e-01
4.88532e+03 9.44888e-01
4.88562e+03 9.46585e-01
4.88591e+03 9.48278e-01
4.88620e+03 9.49971e-01
4.88649e+03 9.51663e-01
4.88678e+03 9.53358e-01
4.88707e+03 9.55051e-01
4.88737e+03 9.56748e-01
4.88766e+03 9.58441e-01
4.88795e+03 9.60133e-01
4.88824e+03 9.61825e-01
4.88853e+03 9.63517e-01
4.88883e+03 9.65215e-01
4.88912e+03 9.66906e-01
4.88941e+03 9.68599e-01
4.88970e+03 9.70301e-01
4.89000e+03 9.71817e-01
4.89029e+03 9.72161e-01
4.89058e+03 9.72297e-01
4.89087e+03 9.72437e-01
4.89116e+03 9.72561e-01
4.89145e+03 9.72666e-01
4.89174e+03 9.72773e-01
4.89204e+03 9.72883e-01
4.89233e+03 9.72990e-01
4.89262e+03 9.73097e-01
4.89291e+03 9.75722e-01
4.91000e+03 9.77046e-01
4.92877e+03 9.62702e-01
4.92907e+03 9.60131e-01
4.92936e+03 9.59825e-01
4.92966e+03 9.59516e-01
4.92996e+03 9.59237e-01
4.93000e+03 9.59289e-01
4.93026e+03 9.59627e-01
4.93055e+03 9.60118e-01
4.93085e+03 9.60632e-01
4.93115e+03 9.61145e-01
4.93145e+03 9.61655e-01
4.93174e+03 9.62168e-01
4.93204e+03 9.62680e-01
4.93234e+03 9.63192e-01
4.93264e+03 9.63703e-01
4.93293e+03 9.64217e-01
4.93323e+03 9.64727e-01
4.93353e+03 9.65240e-01
4.93383e+03 9.65747e-01
4.93412e+03 9.66260e-01
4.93442e+03 9.66771e-01
4.93472e+03 9.67281e-01
4.93502e+03 9.67790e-01
4.93531e+03 9.68302e-01
4.93561e+03 9.68811e-01
4.93591e+03 9.69322e-01
4.93621e+03 9.69831e-01
4.93650e+03 9.70342e-01
4.93680e+03 9.70851e-01
4.93710e+03 9.71360e-01
4.93740e+03 9.71870e-01
4.93769e+03 9.72382e-01
4.93799e+03 9.72890e-01
4.93829e+03 9.73401e-01
4.93859e+03 9.73912e-01
4.93888e+03 9.74423e-01
4.93918e+03 9.74937e-01
4.93948e+03 9.75450e-01
4.93978e+03 9.75964e-01
4.94007e+03 9.76483e-01
4.94037e+03 9.77001e-01
4.94067e+03 9.77522e-01
4.94097e+03 9.78045e-01
4.94126e+03 9.78573e-01
4.94156e+03 9.79105e-01
4.94186e+03 9.79642e-01
4.94216e+03 9.80185e-01
4.94245e+03 9.80737e-01
4.94275e+03 9.81297e-01
4.94305e+03 9.81865e-01
4.94335e+03 9.82446e-01
4.94364e+03 9.83040e-01
4.94394e+03 9.83648e-01
4.94424e+03 9.84275e-01
4.94454e+03 9.84922e-01
4.94483e+03 9.85591e-01
4.94513e+03 9.86283e-01
4.94543e+03 9.87006e-01
4.94573e+03 9.87759e-01
4.94602e+03 9.88549e-01
4.94632e+03 9.89376e-01
4.94662e+03 9.90244e-01
4.94692e+03 9.91159e-01
4.94721e+03 9.92124e-01
4.94751e+03 9.93143e-01
4.94781e+03 9.94218e-01
4.94811e+03 9.95355e-01
4.94840e+03 9.96557e-01
4.94870e+03 9.97827e-01
4.94900e+03 9.99169e-01
4.94930e+03 1.00058e+00
4.94959e+03 1.00206e+00
4.94989e+03 1.00334e+00
4.95000e+03 1.00427e+00
4.95019e+03 1.00488e+00
4.95049e+03 1.00576e+00
4.95078e+03 1.00680e+00
4.95108e+03 1.00791e+00
4.95138e+03 1.00908e+00
4.95168e+03 1.01033e+00
4.95197e+03 1.01163e+00
4.95227e+03 1.01299e+00
4.95257e+03 1.01440e+00
4.95287e+03 1.01583e+00
4.95316e+03 1.01730e+00
4.95346e+03 1.01878e+00
4.95376e+03 1.02026e+00
4.95406e+03 1.02173e+00
4.95435e+03 1.02319e+00
4.95465e+03 1.02460e+00
4.95495e+03 1.02596e+00
4.95525e+03 1.02726e+00
4.95554e+03 1.02848e+00
4.95584e+03 1.02962e+00
4.95614e+03 1.03063e+00
4.95644e+03 1.03153e+00
4.95673e+03 1.03231e+00
4.95703e+03 1.03294e+00
4.95733e+03 1.03342e+00
4.95763e+03 1.03374e+00
4.95792e+03 1.03392e+00
4.95822e+03 1.03391e+00
4.95852e+03 1.03373e+00
4.95882e+03 1.03339e+00
4.95911e+03 1.03288e+00
4.95941e+03 1.03220e+00
4.95971e+03 1.03134e+00
4.96001e+03 1.03033e+00
4.96030e+03 1.02920e+00
4.96060e+03 1.02790e+00
4.96090e+03 1.02649e+00
4.96120e+03 1.02495e+00
4.96149e+03 1.02330e+00
4.96179e+03 1.02159e+00
4.96209e+03 1.01978e+00
4.96239e+03 1.01791e+00
4.96268e+03 1.01600e+00
4.96298e+03 1.01403e+00
4.96328e+03 1.01207e+00
4.96358e+03 1.01009e+00
4.96387e+03 1.00812e+00
4.96417e+03 1.00616e+00
4.96447e+03 1.00423e+00
4.96477e+03 1.00233e+00
4.96506e+03 1.00048e+00
4.96536e+03 9.98693e-01
4.96566e+03 9.96963e-01
4.96596e+03 9.95288e-01
4.96625e+03 9.93691e-01
4.96655e+03 9.92164e-01
4.96685e+03 9.90715e-01
4.96715e+03 9.89340e-01
4.96744e+03 9.88042e-01
4.96774e+03 9.86819e-01
4.96804e+03 9.85670e-01
4.96834e+03 9.84597e-01
4.96863e+03 9.83593e-01
4.96893e+03 9.82655e-01
4.96923e+03 9.81782e-01
4.96953e+03 9.80970e-01
4.96982e+03 9.80273e-01
4.97000e+03 9.79791e-01
4.97012e+03 9.79067e-01
4.97042e+03 9.77922e-01
4.97072e+03 9.76652e-01
4.97102e+03 9.75424e-01
4.97131e+03 9.74235e-01
4.97161e+03 9.73079e-01
4.97191e+03 9.71955e-01
4.97221e+03 9.70859e-01
4.97250e+03 9.69790e-01
4.97280e+03 9.68742e-01
4.97310e+03 9.67714e-01
4.97340e+03 9.66702e-01
4.97369e+03 9.65711e-01
4.97399e+03 9.64729e-01
4.97429e+03 9.63758e-01
4.97458e+03 9.62801e-01
4.97488e+03 9.61850e-01
4.97518e+03 9.60905e-01
4.97548e+03 9.59970e-01
4.97578e+03 9.59039e-01
4.97607e+03 9.58115e-01
4.97637e+03 9.57311e-01
4.97648e+03 9.56801e-01
4.97667e+03 9.56320e-01
4.97678e+03 9.55880e-01
4.97697e+03 9.55400e-01
4.97708e+03 9.54960e-01
4.97726e+03 9.54484e-01
4.97738e+03 9.54041e-01
4.97756e+03 9.53567e-01
4.97768e+03 9.53127e-01
4.97786e+03 9.52655e-01
4.97798e+03 9.52212e-01
4.97816e+03 9.51743e-01
4.97828e+03 9.51300e-01
4.97845e+03 9.50834e-01
4.97858e+03 9.50388e-01
4.97875e+03 9.49922e-01
4.97888e+03 9.49477e-01
4.97905e+03 9.49014e-01
4.97918e+03 9.48570e-01
4.97935e+03 9.48106e-01
4.97948e+03 9.47660e-01
4.97964e+03 9.47202e-01
4.97978e+03 9.46754e-01
4.97994e+03 9.46295e-01
4.98008e+03 9.45845e-01
4.98024e+03 9.45389e-01
4.98039e+03 9.44936e-01
4.98054e+03 9.44483e-01
4.98069e+03 9.44030e-01
4.98083e+03 9.43580e-01
4.98099e+03 9.43125e-01
4.98113e+03 9.42674e-01
4.98129e+03 9.42218e-01
4.98143e+03 9.41771e-01
4.98159e+03 9.41314e-01
4.98173e+03 9.40866e-01
4.98189e+03 9.40408e-01
4.98202e+03 9.39966e-01
4.98219e+03 9.39504e-01
4.98232e+03 9.39062e-01
4.98249e+03 9.38601e-01
4.98262e+03 9.38161e-01
4.98279e+03 9.37698e-01
4.98292e+03 9.37258e-01
4.98309e+03 9.36794e-01
4.98321e+03 9.36358e-01
4.98339e+03 9.35892e-01
4.98351e+03 9.35457e-01
4.98369e+03 9.34991e-01
4.98381e+03 9.34556e-01
4.98399e+03 9.34087e-01
4.98411e+03 9.33655e-01
4.98429e+03 9.33188e-01
4.98440e+03 9.32758e-01
4.98459e+03 9.32288e-01
4.98470e+03 9.31859e-01
4.98489e+03 9.31388e-01
4.98500e+03 9.30962e-01
4.98519e+03 9.30489e-01
4.98530e+03 9.30065e-01
4.98549e+03 9.29593e-01
4.98559e+03 9.29172e-01
4.98579e+03 9.28697e-01
4.98589e+03 9.28276e-01
4.98609e+03 9.27803e-01
4.98619e+03 9.27384e-01
4.98639e+03 9.26911e-01
4.98649e+03 9.26494e-01
4.98669e+03 9.26018e-01
4.98678e+03 9.25606e-01
4.98699e+03 9.25132e-01
4.98708e+03 9.24723e-01
4.98729e+03 9.24249e-01
4.98738e+03 9.23843e-01
4.98759e+03 9.23369e-01
4.98768e+03 9.22964e-01
4.98790e+03 9.22492e-01
4.98797e+03 9.22095e-01
4.98820e+03 9.21490e-01
4.98850e+03 9.20670e-01
4.98880e+03 9.19813e-01
4.98910e+03 9.18968e-01
4.98940e+03 9.18133e-01
4.98970e+03 9.17314e-01
4.99000e+03 9.16536e-01
4.99030e+03 9.15926e-01
4.99060e+03 9.15363e-01
4.99090e+03 9.14827e-01
4.99120e+03 9.14323e-01
4.99150e+03 9.13856e-01
4.99180e+03 9.13431e-01
4.99210e+03 9.13052e-01
4.99240e+03 9.12731e-01
4.99270e+03 9.12471e-01
4.99300e+03 9.12282e-01
4.99330e+03 9.12171e-01
4.99360e+03 9.12151e-01
4.99390e+03 9.12228e-01
4.99420e+03 9.12414e-01
4.99450e+03 9.12722e-01
4.99480e+03 9.13162e-01
4.99510e+03 9.13744e-01
4.99541e+03 9.14482e-01
4.99571e+03 9.15387e-01
4.99601e+03 9.16473e-01
4.99631e+03 9.17749e-01
4.99661e+03 9.19227e-01
4.99691e+03 9.20916e-01
4.99721e+03 9.22824e-01
4.99751e+03 9.24958e-01
4.99781e+03 9.27326e-01
4.99811e+03 9.29931e-01
4.99841e+03 9.32775e-01
4.99871e+03 9.35854e-01
4.99901e+03 9.39166e-01
4.99931e+03 9.42702e-01
4.99961e+03 9.46453e-01
4.99991e+03 9.50409e-01
5.00021e+03 9.54547e-01
5.00051e+03 9.58847e-01
5.00081e+03 9.63292e-01
5.00111e+03 9.67848e-01
5.00141e+03 9.72487e-01
5.00171e+03 9.77171e-01
5.00201e+03 9.81864e-01
5.00231e+03 9.86527e-01
5.00261e+03 9.91120e-01
5.00292e+03 9.95602e-01
5.00322e+03 9.99932e-01
5.00352e+03 1.00405e+00
5.00382e+03 1.00792e+00
5.00412e+03 1.01151e+00
5.00442e+03 1.01477e+00
5.00472e+03 1.01767e+00
5.00502e+03 1.02016e+00
5.00532e+03 1.02221e+00
5.00562e+03 1.02380e+00
5.00592e+03 1.02490e+00
5.00622e+03 1.02548e+00
5.00652e+03 1.02555e+00
5.00682e+03 1.02509e+00
5.00712e+03 1.02411e+00
5.00742e+03 1.02259e+00
5.00772e+03 1.02055e+00
5.00802e+03 1.01800e+00
5.00832e+03 1.01497e+00
5.00862e+03 1.01148e+00
5.00892e+03 1.00754e+00
5.00922e+03 1.00322e+00
5.00952e+03 9.98539e-01
5.00982e+03 9.94054e-01
5.01000e+03 9.90741e-01
5.01012e+03 9.88249e-01
5.01042e+03 9.84679e-01
5.01073e+03 9.80346e-01
5.01103e+03 9.75867e-01
5.01133e+03 9.71278e-01
5.01163e+03 9.66623e-01
5.01193e+03 9.61942e-01
5.01223e+03 9.57279e-01
5.01253e+03 9.52672e-01
5.01283e+03 9.48150e-01
5.01313e+03 9.43741e-01
5.01343e+03 9.39473e-01
5.01373e+03 9.35374e-01
5.01403e+03 9.31464e-01
5.01433e+03 9.27755e-01
5.01463e+03 9.24260e-01
5.01493e+03 9.20992e-01
5.01523e+03 9.17957e-01
5.01553e+03 9.15158e-01
5.01583e+03 9.12599e-01
5.01613e+03 9.10273e-01
5.01643e+03 9.08178e-01
5.01673e+03 9.06311e-01
5.01703e+03 9.04663e-01
5.01733e+03 9.03221e-01
5.01763e+03 9.01982e-01
5.01793e+03 9.00928e-01
5.01823e+03 9.00053e-01
5.01854e+03 8.99344e-01
5.01884e+03 8.98788e-01
5.01914e+03 8.98373e-01
5.01944e+03 8.98090e-01
5.01974e+03 8.97923e-01
5.02004e+03 8.97863e-01
5.02034e+03 8.97903e-01
5.02064e+03 8.98027e-01
5.02094e+03 8.98230e-01
5.02124e+03 8.98501e-01
5.02154e+03 8.98837e-01
5.02184e+03 8.99230e-01
5.02214e+03 8.99668e-01
5.02244e+03 9.00148e-01
5.02274e+03 9.00664e-01
5.02304e+03 9.01210e-01
5.02334e+03 9.01781e-01
5.02364e+03 9.02377e-01
5.02394e+03 9.02991e-01
5.02424e+03 9.03621e-01
5.02454e+03 9.04262e-01
5.02484e+03 9.04918e-01
5.02514e+03 9.05582e-01
5.02544e+03 9.06254e-01
5.02574e+03 9.06933e-01
5.02604e+03 9.07617e-01
5.02635e+03 9.08303e-01
5.02665e+03 9.08996e-01
5.02695e+03 9.09692e-01
5.02725e+03 9.10388e-01
5.02755e+03 9.11087e-01
5.02785e+03 9.11786e-01
5.02815e+03 9.12488e-01
5.02845e+03 9.13189e-01
5.02875e+03 9.13893e-01
5.02905e+03 9.14593e-01
5.02935e+03 9.15299e-01
5.02965e+03 9.16001e-01
5.02995e+03 9.16531e-01
5.03000e+03 9.16826e-01
5.03025e+03 9.16745e-01
5.03055e+03 9.16647e-01
5.03085e+03 9.16552e-01
5.03115e+03 9.16455e-01
5.03145e+03 9.16358e-01
5.03175e+03 9.16264e-01
5.03205e+03 9.16168e-01
5.03235e+03 9.16073e-01
5.03265e+03 9.15978e-01
5.03295e+03 9.15883e-01
5.03325e+03 9.15787e-01
5.03355e+03 9.15691e-01
5.03385e+03 9.15596e-01
5.03416e+03 9.15501e-01
5.03446e+03 9.15404e-01
5.03476e+03 9.15309e-01
5.03506e+03 9.15214e-01
5.03536e+03 9.15119e-01
5.03566e+03 9.15024e-01
5.03596e+03 9.14928e-01
5.03626e+03 9.15332e-01
5.05000e+03 9.18420e-01
5.07000e+03 9.39329e-01
5.09000e+03 9.15408e-01
5.11000e+03 9.24342e-01
5.13000e+03 9.04383e-01
5.15000e+03 8.72636e-01
5.17000e+03 8.31325e-01
5.19000e+03 8.52396e-01
5.21000e+03 9.07754e-01
5.23000e+03 9.65744e-01
5.25000e+03 9.87931e-01
5.27000e+03 9.29075e-01
5.29000e+03 1.00926e+00
5.31000e+03 1.05164e+00
5.33000e+03 9.85953e-01
5.35000e+03 1.03351e+00
5.37000e+03 1.03915e+00
5.39000e+03 1.02555e+00
5.41000e+03 1.01721e+00
5.43000e+03 1.03039e+00
5.45000e+03 1.04916e+00
5.47000e+03 1.04040e+00
5.49000e+03 1.04415e+00
5.51000e+03 1.03860e+00
5.53000e+03 1.06282e+00
5.55000e+03 1.07298e+00
5.57000e+03 1.05540e+00
5.59000e+03 1.04049e+00
5.61000e+03 1.06172e+00
5.63000e+03 1.06500e+00
5.65000e+03 1.07251e+00
5.67000e+03 1.05996e+00
5.69000e+03 1.07446e+00
5.71000e+03 1.06232e+00
5.73000e+03 1.11042e+00
5.75000e+03 1.09463e+00
5.77000e+03 1.09136e+00
5.79000e+03 1.06921e+00
5.81000e+03 1.09491e+00
5.83000e+03 1.11459e+00
5.85000e+03 1.09488e+00
5.87000e+03 1.08048e+00
5.89000e+03 1.02386e+00
5.91000e+03 1.07411e+00
5.93000e+03 1.08879e+00
5.95000e+03 1.09274e+00
5.97000e+03 1.10417e+00
5.99000e+03 1.09497e+00
6.01000e+03 1.08699e+00
6.03000e+03 1.10327e+00
6.05000e+03 1.11641e+00
6.07000e+03 1.10946e+00
6.09000e+03 1.08446e+00
6.11000e+03 1.07586e+00
6.13000e+03 1.04002e+00
6.15000e+03 1.04490e+00
6.17000e+03 1.01584e+00
6.19000e+03 1.04567e+00
6.21000e+03 1.03991e+00
6.23000e+03 1.01261e+00
6.25000e+03 9.93129e-01
6.27000e+03 1.02013e+00
6.29000e+03 1.03260e+00
6.31000e+03 1.01623e+00
6.33000e+03 1.02309e+00
6.35000e+03 1.02916e+00
6.37000e+03 1.03111e+00
6.39000e+03 1.04289e+00
6.41000e+03 1.03612e+00
6.43000e+03 1.04403e+00
6.45000e+03 1.04470e+00
6.47000e+03 1.04363e+00
6.49000e+03 1.03795e+00
6.51000e+03 1.06140e+00
6.52364e+03 1.06736e+00
6.52404e+03 1.06861e+00
6.52443e+03 1.06865e+00
6.52482e+03 1.06870e+00
6.52522e+03 1.06877e+00
6.52561e+03 1.06881e+00
6.52600e+03 1.06887e+00
6.52640e+03 1.06892e+00
6.52679e+03 1.06897e+00
6.52719e+03 1.06903e+00
6.52758e+03 1.06906e+00
6.52797e+03 1.06912e+00
6.52837e+03 1.06917e+00
6.52876e+03 1.06922e+00
6.52915e+03 1.06928e+00
6.52955e+03 1.06933e+00
6.52994e+03 1.06935e+00
6.53000e+03 1.06930e+00
6.53034e+03 1.06886e+00
6.53073e+03 1.06828e+00
6.53112e+03 1.06767e+00
6.53152e+03 1.06707e+00
6.53191e+03 1.06647e+00
6.53230e+03 1.06587e+00
6.53270e+03 1.06528e+00
6.53309e+03 1.06469e+00
6.53349e+03 1.06410e+00
6.53388e+03 1.06348e+00
6.53427e+03 1.06290e+00
6.53467e+03 1.06233e+00
6.53506e+03 1.06175e+00
6.53546e+03 1.06119e+00
6.53585e+03 1.06063e+00
6.53624e+03 1.06008e+00
6.53664e+03 1.05955e+00
6.53703e+03 1.05903e+00
6.53742e+03 1.05854e+00
6.53782e+03 1.05808e+00
6.53821e+03 1.05764e+00
6.53860e+03 1.05726e+00
6.53900e+03 1.05691e+00
6.53939e+03 1.05663e+00
6.53979e+03 1.05642e+00
6.54018e+03 1.05627e+00
6.54057e+03 1.05625e+00
6.54097e+03 1.05632e+00
6.54136e+03 1.05655e+00
6.54176e+03 1.05693e+00
6.54215e+03 1.05751e+00
6.54254e+03 1.05830e+00
6.54294e+03 1.05935e+00
6.54333e+03 1.06070e+00
6.54372e+03 1.06237e+00
6.54412e+03 1.06444e+00
6.54451e+03 1.06693e+00
6.54491e+03 1.06993e+00
6.54530e+03 1.07346e+00
6.54569e+03 1.07762e+00
6.54609e+03 1.08247e+00
6.54648e+03 1.08809e+00
6.54687e+03 1.09454e+00
6.54727e+03 1.10192e+00
6.54766e+03 1.11032e+00
6.54806e+03 1.11979e+00
6.54845e+03 1.13045e+00
6.54884e+03 1.14237e+00
6.54924e+03 1.15561e+00
6.54963e+03 1.17002e+00
6.55000e+03 1.18167e+00
6.55002e+03 1.19020e+00
6.55042e+03 1.20335e+00
6.55081e+03 1.22191e+00
6.55121e+03 1.24212e+00
6.55160e+03 1.26398e+00
6.55199e+03 1.28751e+00
6.55239e+03 1.31272e+00
6.55278e+03 1.33955e+00
6.55317e+03 1.36797e+00
6.55357e+03 1.39790e+00
6.55396e+03 1.42927e+00
6.55436e+03 1.46194e+00
6.55475e+03 1.49578e+00
6.55514e+03 1.53059e+00
6.55554e+03 1.56619e+00
6.55593e+03 1.60238e+00
6.55633e+03 1.63891e+00
6.55672e+03 1.67550e+00
6.55711e+03 1.71191e+00
6.55751e+03 1.74781e+00
6.55790e+03 1.78293e+00
6.55829e+03 1.81695e+00
6.55869e+03 1.84957e+00
6.55908e+03 1.88049e+00
6.55948e+03 1.90937e+00
6.55987e+03 1.93596e+00
6.56026e+03 1.95997e+00
6.56066e+03 1.98116e+00
6.56105e+03 1.99925e+00
6.56144e+03 2.01409e+00
6.56184e+03 2.02548e+00
6.56223e+03 2.03331e+00
6.56263e+03 2.03748e+00
6.56302e+03 2.03791e+00
6.56341e+03 2.03459e+00
6.56381e+03 2.02755e+00
6.56420e+03 2.01682e+00
6.56459e+03 2.00256e+00
6.56499e+03 1.98486e+00
6.56538e+03 1.96390e+00
6.56578e+03 1.93989e+00
6.56617e+03 1.91305e+00
6.56656e+03 1.88365e+00
6.56696e+03 1.85198e+00
6.56735e+03 1.81829e+00
6.56775e+03 1.78292e+00
6.56814e+03 1.74619e+00
6.56853e+03 1.70836e+00
6.56893e+03 1.66977e+00
6.56932e+03 1.63069e+00
6.56971e+03 1.59412e+00
6.57000e+03 1.56746e+00
6.57011e+03 1.54658e+00
6.57050e+03 1.51736e+00
6.57090e+03 1.48217e+00
6.57129e+03 1.44781e+00
6.57168e+03 1.41443e+00
6.57208e+03 1.38223e+00
6.57247e+03 1.35135e+00
6.57286e+03 1.32187e+00
6.57326e+03 1.29393e+00
6.57365e+03 1.26760e+00
6.57405e+03 1.24288e+00
6.57444e+03 1.21983e+00
6.57483e+03 1.19846e+00
6.57523e+03 1.17874e+00
6.57562e+03 1.16067e+00
6.57601e+03 1.14416e+00
6.57641e+03 1.12924e+00
6.57680e+03 1.11577e+00
6.57720e+03 1.10370e+00
6.57759e+03 1.09299e+00
6.57798e+03 1.08352e+00
6.57838e+03 1.07521e+00
6.57877e+03 1.06800e+00
6.57916e+03 1.06178e+00
6.57956e+03 1.05646e+00
6.57995e+03 1.05202e+00
6.58035e+03 1.04831e+00
6.58074e+03 1.04530e+00
6.58113e+03 1.04290e+00
6.58153e+03 1.04105e+00
6.58192e+03 1.03968e+00
6.58231e+03 1.03876e+00
6.58271e+03 1.03819e+00
6.58310e+03 1.03798e+00
6.58350e+03 1.03803e+00
6.58389e+03 1.03834e+00
6.58428e+03 1.03888e+00
6.58468e+03 1.03960e+00
6.58507e+03 1.04045e+00
6.58546e+03 1.04146e+00
6.58586e+03 1.04259e+00
6.58625e+03 1.04381e+00
6.58665e+03 1.04511e+00
6.58704e+03 1.04648e+00
6.58743e+03 1.04791e+00
6.58783e+03 1.04939e+00
6.58822e+03 1.05091e+00
6.58862e+03 1.05246e+00
6.58901e+03 1.05404e+00
6.58940e+03 1.05561e+00
6.58980e+03 1.05701e+00
6.59000e+03 1.05796e+00
6.59019e+03 1.05821e+00
6.59058e+03 1.05838e+00
6.59098e+03 1.05864e+00
6.59137e+03 1.05888e+00
6.59177e+03 1.05912e+00
6.59216e+03 1.05938e+00
6.59255e+03 1.05963e+00
6.59295e+03 1.05989e+00
6.59334e+03 1.06015e+00
6.59373e+03 1.06041e+00
6.59413e+03 1.06067e+00
6.59452e+03 1.06093e+00
6.59492e+03 1.06120e+00
6.59531e+03 1.06148e+00
6.59570e+03 1.06174e+00
6.59610e+03 1.06200e+00
6.59649e+03 1.06226e+00
6.59688e+03 1.06253e+00
6.59728e+03 1.06280e+00
6.59767e+03 1.06307e+00
6.59807e+03 1.06334e+00
6.59846e+03 1.06361e+00
6.59885e+03 1.06388e+00
6.59925e+03 1.06415e+00
6.59964e+03 1.06441e+00
6.60004e+03 1.06468e+00
6.60043e+03 1.06493e+00
6.60082e+03 1.06520e+00
6.60122e+03 1.06547e+00
6.60161e+03 1.06573e+00
6.60200e+03 1.06784e+00
6.61000e+03 1.07092e+00
6.63000e+03 1.06680e+00
6.65000e+03 1.06416e+00
6.67000e+03 1.05133e+00
6.69000e+03 1.05519e+00
6.71000e+03 1.03617e+00
6.73000e+03 1.04857e+00
6.75000e+03 1.04337e+00
6.77000e+03 1.04690e+00
6.79000e+03 1.04395e+00
6.81000e+03 1.05004e+00
6.83000e+03 1.05899e+00
6.85000e+03 1.04850e+00
6.87000e+03 1.06099e+00
6.89000e+03 1.07557e+00
6.91000e+03 1.07882e+00
6.93000e+03 1.07801e+00
6.95000e+03 1.08242e+00
6.97000e+03 1.09484e+00
6.99000e+03 1.09610e+00
7.01000e+03 1.09258e+00
7.03000e+03 1.10868e+00
7.05000e+03 1.11341e+00
7.07000e+03 1.09183e+00
7.09000e+03 1.06779e+00
7.11000e+03 1.04976e+00
7.13000e+03 1.03386e+00
7.15000e+03 1.02988e+00
7.17000e+03 1.03435e+00
7.19000e+03 1.02163e+00
7.21000e+03 1.03484e+00
7.23000e+03 1.05225e+00
7.25000e+03 1.05928e+00
7.27000e+03 1.06279e+00
7.29000e+03 1.05769e+00
7.31000e+03 1.07457e+00
7.33000e+03 1.08074e+00
7.35000e+03 1.09073e+00
7.37000e+03 1.10627e+00
7.39000e+03 1.09547e+00
7.41000e+03 1.09458e+00
7.43000e+03 1.11129e+00
7.45000e+03 1.11521e+00
7.47000e+03 1.12561e+00
7.49000e+03 1.12628e+00
7.51000e+03 1.13406e+00
7.53000e+03 1.14746e+00
7.55000e+03 1.15534e+00
7.57000e+03 1.15259e+00
7.59000e+03 1.13786e+00
7.61000e+03 1.12141e+00
7.63000e+03 1.10245e+00
7.65000e+03 1.08133e+00
7.67000e+03 1.05259e+00
7.69000e+03 1.06356e+00
7.71000e+03 1.05681e+00
7.73000e+03 1.05949e+00
7.75000e+03 1.05965e+00
7.77000e+03 1.07096e+00
7.79000e+03 1.07857e+00
7.81000e+03 1.07994e+00
7.83000e+03 1.07397e+00
7.85000e+03 1.06727e+00
7.87000e+03 1.07371e+00
7.89000e+03 1.06321e+00
7.91000e+03 1.04573e+00
7.93000e+03 1.04330e+00
7.95000e+03 1.04117e+00
7.97000e+03 1.05901e+00
7.99000e+03 1.06264e+00
8.01000e+03 1.06888e+00
8.03000e+03 1.07078e+00
8.05000e+03 1.07084e+00
8.07000e+03 1.07810e+00
8.09000e+03 1.07441e+00
8.11000e+03 1.08276e+00
8.13000e+03 1.10237e+00
8.15000e+03 1.11417e+00
8.17000e+03 1.11967e+00
8.19000e+03 1.10088e+00
8.21000e+03 1.08868e+00
8.23000e+03 1.09096e+00
8.25000e+03 1.09298e+00
8.27000e+03 1.09930e+00
8.29000e+03 1.09135e+00
8.31000e+03 1.06984e+00
8.33000e+03 1.06217e+00
8.35000e+03 1.06416e+00
8.37000e+03 1.06512e+00
8.39000e+03 1.04962e+00
8.41000e+03 1.06389e+00
8.43000e+03 1.03550e+00
8.45000e+03 1.01552e+00
8.47000e+03 1.01270e+00
8.49000e+03 1.01673e+00
8.51000e+03 9.92380e-01
8.53000e+03 1.01221e+00
8.55000e+03 9.80361e-01
8.57000e+03 1.03517e+00
8.59000e+03 1.03421e+00
8.61000e+03 1.04068e+00
8.63000e+03 1.06116e+00
8.65000e+03 1.05428e+00
8.67000e+03 9.98117e-01
8.69000e+03 1.04177e+00
8.71000e+03 1.07190e+00
8.73000e+03 1.07306e+00
8.75000e+03 1.05627e+00
8.77000e+03 1.07582e+00
8.79000e+03 1.08845e+00
8.81000e+03 1.07847e+00
8.83000e+03 1.07969e+00
8.85000e+03 1.06535e+00
8.87000e+03 1.03261e+00
8.89000e+03 1.04907e+00
8.91000e+03 1.05912e+00
8.93000e+03 1.04972e+00
8.95000e+03 1.04842e+00
8.97000e+03 1.04972e+00
8.99000e+03 1.04294e+00
9.01000e+03 1.01535e+00
9.03000e+03 1.04353e+00
9.05000e+03 1.07502e+00
9.07000e+03 1.08013e+00
9.09000e+03 1.07107e+00
9.11000e+03 1.08118e+00
9.13000e+03 1.09329e+00
9.15000e+03 1.09195e+00
9.17000e+03 1.09261e+00
9.19000e+03 1.09441e+00
9.21000e+03 1.06391e+00
9.23000e+03 1.03285e+00
9.25000e+03 1.04116e+00
9.27000e+03 1.05096e+00
9.29000e+03 1.04679e+00
9.31000e+03 1.05128e+00
9.33000e+03 1.05423e+00
9.35000e+03 1.05066e+00
9.37000e+03 1.04285e+00
9.39000e+03 1.05166e+00
9.41000e+03 1.04421e+00
9.43000e+03 1.05468e+00
9.45000e+03 1.04930e+00
9.47000e+03 1.05994e+00
9.49000e+03 1.05907e+00
9.51000e+03 1.04605e+00
9.53000e+03 1.03826e+00
9.55000e+03 1.01714e+00
9.57000e+03 1.03384e+00
9.59000e+03 1.04839e+00
9.61000e+03 1.04240e+00
9.63000e+03 1.04180e+00
9.65000e+03 1.02981e+00
9.67000e+03 1.02861e+00
9.69000e+03 1.03496e+00
9.71000e+03 1.02474e+00
9.73000e+03 1.01541e+00
9.75000e+03 1.01165e+00
9.77000e+03 1.01106e+00
9.79000e+03 1.00412e+00
9.81000e+03 1.01469e+00
9.83000e+03 1.01128e+00
9.85000e+03 1.01253e+00
9.87000e+03 1.00789e+00
9.89000e+03 1.00510e+00
9.91000e+03 1.00098e+00
9.93000e+03 1.00248e+00
9.95000e+03 1.00306e+00
9.97000e+03 1.00205e+00
9.99000e+03 9.98497e-01
1.00250e+04 9.89173e-01
1.00750e+04 9.78473e-01
1.01250e+04 9.85154e-01
1.01750e+04 9.79089e-01
1.02250e+04 9.78446e-01
1.02750e+04 9.79701e-01
1.03250e+04 9.73011e-01
1.03750e+04 9.70083e-01
1.04250e+04 9.71957e-01
1.04750e+04 9.65727e-01
1.05250e+04 9.60922e-01
1.05750e+04 9.51572e-01
1.06250e+04 9.45945e-01
1.06750e+04 9.40713e-01
1.07250e+04 9.42993e-01
1.07750e+04 9.38124e-01
1.08250e+04 9.29616e-01
1.08750e+04 9.25722e-01
1.09250e+04 9.17213e-01
1.09750e+04 9.15539e-01
1.10250e+04 9.15291e-01
1.10750e+04 9.09541e-01
1.11250e+04 9.06280e-01
1.11750e+04 9.02371e-01
1.12250e+04 9.01316e-01
1.12750e+04 8.94972e-01
1.13250e+04 8.92954e-01
1.13750e+04 8.88330e-01
1.14250e+04 8.82152e-01
1.14750e+04 8.84642e-01
1.15250e+04 8.79868e-01
1.15750e+04 8.69513e-01
1.16250e+04 8.57852e-01
1.16750e+04 8.53860e-01
1.17250e+04 8.51193e-01
1.17750e+04 8.37804e-01
1.18250e+04 8.27990e-01
1.18750e+04 8.18203e-01
1.19250e+04 8.18599e-01
1.19750e+04 8.03337e-01
1.20250e+04 8.06123e-01
1.20750e+04 8.05074e-01
1.21250e+04 8.08867e-01
1.21750e+04 8.12958e-01
1.22250e+04 8.13466e-01
1.22750e+04 8.12967e-01
1.23250e+04 8.13298e-01
1.23750e+04 8.14372e-01
1.24250e+04 8.12487e-01
1.24750e+04 8.13559e-01
1.25250e+04 8.12779e-01
1.25750e+04 8.14176e-01
1.26250e+04 8.14583e-01
1.26750e+04 8.14246e-01
1.27250e+04 8.14786e-01
1.27750e+04 8.08831e-01
1.28250e+04 7.88570e-01
1.28750e+04 7.97343e-01
1.29250e+04 7.95369e-01
1.29750e+04 7.96582e-01
1.30250e+04 7.91192e-01
1.30750e+04 7.88508e-01
1.31250e+04 7.78478e-01
1.31750e+04 7.74406e-01
1.32250e+04 7.71990e-01
1.32750e+04 7.63706e-01
1.33250e+04 7.61100e-01
1.33750e+04 7.56120e-01
1.34250e+04 7.54883e-01
1.34750e+04 7.50211e-01
1.35250e+04 7.44844e-01
1.35750e+04 7.37135e-01
1.36250e+04 7.33348e-01
1.36750e+04 7.33639e-01
1.37250e+04 7.33010e-01
1.37750e+04 7.30393e-01
1.38250e+04 7.28016e-01
1.38750e+04 7.19787e-01
1.39250e+04 7.02112e-01
1.39750e+04 6.95177e-01
1.40250e+04 6.89670e-01
1.40750e+04 6.89680e-01
1.41250e+04 6.84862e-01
1.41750e+04 6.85127e-01
1.42250e+04 6.78983e-01
1.42750e+04 6.72615e-01
1.43250e+04 6.76855e-01
1.43750e+04 6.77175e-01
1.44250e+04 6.68445e-01
1.44750e+04 6.71556e-01
1.45250e+04 6.67691e-01
1.45700e+04 6.66732e-01
1.46200e+04 6.58755e-01
1.46750e+04 6.53694e-01
1.47250e+04 6.48925e-01
1.47750e+04 6.49468e-01
1.48250e+04 6.49155e-01
1.48750e+04 6.45331e-01
1.49250e+04 6.51187e-01
1.49750e+04 6.47275e-01
1.50250e+04 6.40042e-01
1.50750e+04 6.39718e-01
1.51250e+04 6.45335e-01
1.51750e+04 6.46057e-01
1.52250e+04 6.45332e-01
1.52750e+04 6.45280e-01
1.53250e+04 6.43860e-01
1.53750e+04 6.43190e-01
1.54250e+04 6.39999e-01
1.54750e+04 6.40985e-01
1.55250e+04 6.36568e-01
1.55750e+04 6.26099e-01
1.56250e+04 6.29737e-01
1.56750e+04 6.28934e-01
1.57250e+04 6.30218e-01
1.57750e+04 6.14383e-01
1.58250e+04 6.12642e-01
1.58750e+04 6.09910e-01
1.59250e+04 6.21773e-01
1.59750e+04 6.18917e-01
1.60500e+04 6.21189e-01
1.61500e+04 6.21537e-01
1.62500e+04 6.17288e-01
1.63500e+04 6.19443e-01
1.64500e+04 6.06904e-01
1.65500e+04 6.10734e-01
1.66500e+04 6.03041e-01
1.67500e+04 5.95109e-01
1.68500e+04 5.86123e-01
1.69500e+04 5.85802e-01
1.70500e+04 5.77168e-01
1.71500e+04 5.68764e-01
1.72500e+04 5.56826e-01
1.73500e+04 5.41598e-01
1.74500e+04 5.35684e-01
1.75500e+04 5.27410e-01
1.76500e+04 5.17419e-01
1.77500e+04 5.06472e-01
1.78500e+04 4.97663e-01
1.79500e+04 4.87136e-01
1.80500e+04 4.76093e-01
1.81500e+04 4.65194e-01
1.82500e+04 4.60528e-01
1.83500e+04 4.54854e-01
1.84500e+04 4.46493e-01
1.85500e+04 4.40399e-01
1.86500e+04 4.30761e-01
1.87500e+04 4.19839e-01
1.88500e+04 4.18222e-01
1.89500e+04 4.09570e-01
1.90500e+04 4.08094e-01
1.91500e+04 4.02405e-01
1.92500e+04 3.96329e-01
1.93500e+04 3.87287e-01
1.94500e+04 3.77314e-01
1.95500e+04 3.75529e-01
1.96500e+04 3.70253e-01
1.97500e+04 3.63036e-01
1.98500e+04 3.58288e-01
1.99500e+04 3.54081e-01
2.00500e+04 3.50955e-01
2.01500e+04 3.46304e-01
2.02500e+04 3.40083e-01
2.03500e+04 3.36044e-01
2.04500e+04 3.33535e-01
2.05500e+04 3.29067e-01
2.06500e+04 3.24659e-01
2.07500e+04 3.21071e-01
2.08500e+04 3.16814e-01
2.09500e+04 3.12280e-01
2.10500e+04 3.09806e-01
2.11500e+04 3.05451e-01
2.12500e+04 3.01708e-01
2.13500e+04 2.98997e-01
2.14500e+04 2.95184e-01
2.15500e+04 2.90582e-01
2.16500e+04 2.84422e-01
2.17500e+04 2.82063e-01
2.18500e+04 2.79278e-01
2.19500e+04 2.75727e-01
2.20500e+04 2.70861e-01
2.21500e+04 2.68625e-01
2.22500e+04 2.63991e-01
2.23500e+04 2.60598e-01
2.24500e+04 2.57349e-01
2.25500e+04 2.54110e-01
2.26500e+04 2.50237e-01
2.27500e+04 2.47994e-01
2.28500e+04 2.41073e-01
2.29500e+04 2.21150e-01
2.30500e+04 2.24365e-01
2.31500e+04 2.21492e-01
2.32500e+04 2.05311e-01
2.33500e+04 2.08962e-01
2.34500e+04 2.04134e-01
2.35500e+04 1.92194e-01
2.36500e+04 1.96716e-01
2.37500e+04 1.92517e-01
2.38500e+04 1.82782e-01
2.39500e+04 1.86066e-01
2.40500e+04 1.83677e-01
2.41500e+04 1.75256e-01
2.42500e+04 1.76836e-01
2.43500e+04 1.74339e-01
2.44500e+04 1.68378e-01
2.45500e+04 1.66225e-01
2.46500e+04 1.66195e-01
2.47500e+04 1.61329e-01
2.48500e+04 1.53900e-01
2.49500e+04 1.52390e-01
2.50500e+04 1.52681e-01
2.51500e+04 1.47517e-01
2.52500e+04 1.47924e-01
2.53500e+04 1.47824e-01
2.54500e+04 1.45756e-01
2.55500e+04 1.44552e-01
2.56500e+04 1.44043e-01
2.57500e+04 1.44142e-01
2.58500e+04 1.41231e-01
2.59500e+04 1.41111e-01
2.60500e+04 1.40849e-01
2.61500e+04 1.38483e-01
2.62500e+04 1.36511e-01
2.63500e+04 1.36981e-01
2.64500e+04 1.36190e-01
2.65500e+04 1.34676e-01
2.66500e+04 1.32836e-01
2.67500e+04 1.32867e-01
2.68500e+04 1.32143e-01
2.69500e+04 1.30249e-01
2.70500e+04 1.29801e-01
2.71500e+04 1.28844e-01
2.72500e+04 1.28036e-01
2.73500e+04 1.26297e-01
2.74500e+04 1.25548e-01
2.75500e+04 1.24321e-01
2.76500e+04 1.23217e-01
2.77500e+04 1.21994e-01
2.78500e+04 1.21554e-01
2.79500e+04 1.20910e-01
2.80500e+04 1.19627e-01
2.81500e+04 1.18338e-01
2.82500e+04 1.17607e-01
2.83500e+04 1.16744e-01
2.84500e+04 1.15595e-01
2.85500e+04 1.14292e-01
2.86500e+04 1.12943e-01
2.87500e+04 1.11246e-01
2.88500e+04 1.10398e-01
2.89500e+04 1.09382e-01
2.90500e+04 1.08291e-01
2.91500e+04 1.07094e-01
2.92500e+04 1.05526e-01
2.93500e+04 1.04747e-01
2.94500e+04 1.03461e-01
2.95500e+04 1.02430e-01
2.96500e+04 1.01452e-01
2.97500e+04 1.00270e-01
2.98500e+04 9.91434e-02
2.99500e+04 9.80629e-02
3.00500e+04 9.69884e-02
3.01500e+04 9.61622e-02
3.02500e+04 9.48945e-02
3.03500e+04 9.34721e-02
3.04500e+04 9.30129e-02
3.05500e+04 9.21681e-02
3.06500e+04 9.13320e-02
3.07500e+04 9.04795e-02
3.08500e+04 8.94545e-02
3.09500e+04 8.87652e-02
3.10500e+04 8.79865e-02
3.11500e+04 8.68116e-02
3.12500e+04 8.61636e-02
3.13500e+04 8.53213e-02
3.14500e+04 8.44952e-02
3.15500e+04 8.36381e-02
3.16500e+04 8.27261e-02
3.17500e+04 8.19857e-02
3.18500e+04 8.12229e-02
3.19500e+04 8.04595e-02
3.21000e+04 7.92473e-02
3.23000e+04 7.77353e-02
3.25000e+04 7.62208e-02
3.27000e+04 7.46117e-02
3.29000e+04 7.28634e-02
3.31000e+04 7.15979e-02
3.33000e+04 7.02707e-02
3.35000e+04 6.89453e-02
3.37000e+04 6.75356e-02
3.39000e+04 6.61587e-02
3.41000e+04 6.48041e-02
3.43000e+04 6.36075e-02
3.45000e+04 6.23818e-02
3.47000e+04 6.11133e-02
3.49000e+04 5.98987e-02
3.51000e+04 5.87182e-02
3.53000e+04 5.74884e-02
3.55000e+04 5.63676e-02
3.57000e+04 5.52157e-02
3.59000e+04 5.41340e-02
3.61000e+04 5.31573e-02
3.63000e+04 5.21021e-02
3.65000e+04 5.10141e-02
3.67000e+04 4.99932e-02
3.69000e+04 4.89078e-02
3.71000e+04 4.79519e-02
3.73000e+04 4.70102e-02
3.75000e+04 4.59399e-02
3.77000e+04 4.52188e-02
3.79000e+04 4.43639e-02
3.81000e+04 4.35555e-02
3.83000e+04 4.27774e-02
3.85000e+04 4.19870e-02
3.87000e+04 4.11084e-02
3.89000e+04 4.03355e-02
3.91000e+04 3.95467e-02
3.93000e+04 3.88495e-02
3.95000e+04 3.80384e-02
3.97000e+04 3.73252e-02
3.99000e+04 3.65464e-02
4.01000e+04 3.59142e-02
4.03000e+04 3.52563e-02
4.05000e+04 3.44982e-02
4.07000e+04 3.39739e-02
4.09000e+04 3.33841e-02
4.11000e+04 3.28072e-02
4.13000e+04 3.22162e-02
4.15000e+04 3.16050e-02
4.17000e+04 3.09818e-02
4.19000e+04 3.04845e-02
4.21000e+04 2.99280e-02
4.23000e+04 2.94702e-02
4.25000e+04 2.89345e-02
4.27000e+04 2.83524e-02
4.29000e+04 2.71468e-02
4.31000e+04 2.60269e-02
4.33000e+04 2.56654e-02
4.35000e+04 2.47021e-02
4.37000e+04 2.40016e-02
4.39000e+04 2.34737e-02
4.41000e+04 2.26690e-02
4.43000e+04 2.22524e-02
4.45000e+04 2.18071e-02
4.47000e+04 2.11981e-02
4.49000e+04 2.09849e-02
4.51000e+04 2.05256e-02
4.53000e+04 2.00434e-02
4.55000e+04 1.98644e-02
4.57000e+04 1.95857e-02
4.59000e+04 1.90694e-02
4.61000e+04 1.89459e-02
4.63000e+04 1.86355e-02
4.65000e+04 1.83328e-02
4.67000e+04 1.81754e-02
4.69000e+04 1.79086e-02
4.71000e+04 1.76242e-02
4.73000e+04 1.75100e-02
4.75000e+04 1.71866e-02
4.77000e+04 1.69553e-02
4.79000e+04 1.67377e-02
4.81000e+04 1.64267e-02
4.83000e+04 1.63415e-02
4.85000e+04 1.60679e-02
4.87000e+04 1.57728e-02
4.89000e+04 1.55475e-02
4.91000e+04 1.53385e-02
4.93000e+04 1.51107e-02
4.95000e+04 1.48696e-02
4.97000e+04 1.47222e-02
4.99000e+04 1.44969e-02
5.01000e+04 1.43179e-02
5.03000e+04 1.41147e-02
5.05000e+04 1.38619e-02
5.07000e+04 1.37079e-02
5.09000e+04 1.35281e-02
5.11000e+04 1.33070e-02
5.13000e+04 1.31396e-02
5.15000e+04 1.29741e-02
5.17000e+04 1.28682e-02
5.19000e+04 1.26678e-02
5.21000e+04 1.25026e-02
5.23000e+04 1.23130e-02
5.25000e+04 1.21918e-02
5.27000e+04 1.20839e-02
5.29000e+04 1.18484e-02
5.31000e+04 1.16806e-02
5.33000e+04 1.15589e-02
5.35000e+04 1.14153e-02
5.37000e+04 1.12793e-02
5.39000e+04 1.11417e-02
5.41000e+04 1.09954e-02
5.43000e+04 1.08237e-02
5.45000e+04 1.07282e-02
5.47000e+04 1.05737e-02
5.49000e+04 1.04469e-02
5.51000e+04 1.03235e-02
5.53000e+04 1.02699e-02
5.55000e+04 1.00724e-02
5.57000e+04 9.99197e-03
5.59000e+04 9.85223e-03
5.61000e+04 9.74707e-03
5.63000e+04 9.59876e-03
5.65000e+04 9.51652e-03
5.67000e+04 9.39804e-03
5.69000e+04 9.25440e-03
5.71000e+04 9.18164e-03
5.73000e+04 9.07332e-03
5.75000e+04 8.96078e-03
5.77000e+04 8.84851e-03
5.79000e+04 8.76359e-03
5.81000e+04 8.64222e-03
5.83000e+04 8.54171e-03
5.85000e+04 8.44106e-03
5.87000e+04 8.32105e-03
5.89000e+04 8.22039e-03
5.91000e+04 8.11408e-03
5.93000e+04 8.03806e-03
5.95000e+04 7.93888e-03
5.97000e+04 7.85937e-03
5.99000e+04 7.76833e-03
6.01000e+04 7.67629e-03
6.03000e+04 7.58222e-03
6.05000e+04 7.47833e-03
6.07000e+04 7.39018e-03
6.09000e+04 7.30184e-03
6.11000e+04 7.21067e-03
6.13000e+04 7.13506e-03
6.15000e+04 7.05829e-03
6.17000e+04 6.98414e-03
6.19000e+04 6.90213e-03
6.21000e+04 6.82446e-03
6.23000e+04 6.73599e-03
6.25000e+04 6.64798e-03
6.27000e+04 6.57108e-03
6.29000e+04 6.49788e-03
6.31000e+04 6.42278e-03
6.33000e+04 6.35794e-03
6.35000e+04 6.28125e-03
6.37000e+04 6.21684e-03
6.39000e+04 6.13250e-03
6.42000e+04 6.02943e-03
6.46000e+04 5.89362e-03
6.50000e+04 5.76076e-03
6.54000e+04 5.63038e-03
6.58000e+04 5.50685e-03
6.62000e+04 5.38146e-03
6.66000e+04 5.26180e-03
6.70000e+04 5.14598e-03
6.74000e+04 5.02998e-03
6.78000e+04 4.91891e-03
6.82000e+04 4.81061e-03
6.86000e+04 4.70677e-03
6.90000e+04 4.60340e-03
6.94000e+04 4.50348e-03
6.98000e+04 4.40639e-03
7.02000e+04 4.31072e-03
7.06000e+04 4.21953e-03
7.10000e+04 4.12931e-03
7.14000e+04 4.04202e-03
7.18000e+04 3.95625e-03
7.22000e+04 3.87348e-03
7.26000e+04 3.79189e-03
7.30000e+04 3.71294e-03
7.34000e+04 3.63548e-03
7.38000e+04 3.56069e-03
7.42000e+04 3.48508e-03
7.46000e+04 3.40830e-03
7.50000e+04 3.33965e-03
7.54000e+04 3.27654e-03
7.58000e+04 3.21288e-03
7.62000e+04 3.14875e-03
7.66000e+04 3.08591e-03
7.70000e+04 3.02435e-03
7.74000e+04 2.96477e-03
7.78000e+04 2.90660e-03
7.82000e+04 2.84938e-03
7.86000e+04 2.79400e-03
7.90000e+04 2.73978e-03
7.94000e+04 2.68685e-03
7.98000e+04 2.63516e-03
8.02000e+04 2.58413e-03
8.06000e+04 2.53480e-03
8.10000e+04 2.48728e-03
8.14000e+04 2.44017e-03
8.18000e+04 2.39475e-03
8.22000e+04 2.35004e-03
8.26000e+04 2.30621e-03
8.30000e+04 2.26346e-03
8.34000e+04 2.22146e-03
8.38000e+04 2.18065e-03
8.42000e+04 2.14120e-03
8.46000e+04 2.10210e-03
8.50000e+04 2.06404e-03
8.54000e+04 2.02686e-03
8.58000e+04 1.99058e-03
8.62000e+04 1.95523e-03
8.66000e+04 1.92048e-03
8.70000e+04 1.88643e-03
8.74000e+04 1.85322e-03
8.78000e+04 1.82060e-03
8.82000e+04 1.78857e-03
8.86000e+04 1.75744e-03
8.90000e+04 1.72698e-03
8.94000e+04 1.69735e-03
8.98000e+04 1.66783e-03
9.02000e+04 1.63969e-03
9.06000e+04 1.61182e-03
9.10000e+04 1.58397e-03
9.14000e+04 1.55754e-03
9.18000e+04 1.53160e-03
9.22000e+04 1.50618e-03
9.26000e+04 1.48108e-03
9.30000e+04 1.45644e-03
9.34000e+04 1.43225e-03
9.38000e+04 1.40872e-03
9.42000e+04 1.38561e-03
9.46000e+04 1.36290e-03
9.50000e+04 1.34077e-03
9.54000e+04 1.31919e-03
9.58000e+04 1.29792e-03
9.62000e+04 1.27700e-03
9.66000e+04 1.25665e-03
9.70000e+04 1.23658e-03
9.74000e+04 1.21653e-03
9.78000e+04 1.19753e-03
9.82000e+04 1.17887e-03
9.86000e+04 1.16044e-03
9.90000e+04 1.14240e-03
9.94000e+04 1.12451e-03
9.98000e+04 1.10707e-03
1.00200e+05 8.90484e-04
2.00000e+05 8.02242e-05
4.00000e+05 6.01290e-06
6.00000e+05 1.02055e-06
8.00000e+05 3.11961e-07
1.00000e+06 1.26967e-07
1.20000e+06 6.16156e-08
1.40000e+06 3.37214e-08
1.60000e+06 2.13072e-08
