9.10000e+01 1.09027e-01
9.40000e+01 1.09901e-01
9.60000e+01 1.13608e-01
9.80000e+01 1.16346e-01
1.00000e+02 1.19105e-01
1.02000e+02 1.21913e-01
1.04000e+02 1.24681e-01
1.06000e+02 1.27510e-01
1.08000e+02 1.30407e-01
1.10000e+02 1.35328e-01
1.14000e+02 1.39035e-01
1.18000e+02 1.42617e-01
1.21000e+02 1.47600e-01
1.25000e+02 1.49337e-01
1.27000e+02 1.52352e-01
1.28000e+02 1.56142e-01
1.31000e+02 1.56026e-01
1.32000e+02 1.59731e-01
1.34000e+02 1.61738e-01
1.37000e+02 1.63616e-01
1.40000e+02 1.66292e-01
1.43000e+02 1.69872e-01
1.47000e+02 1.72761e-01
1.51000e+02 1.76518e-01
1.55000e+02 1.80306e-01
1.59000e+02 1.83334e-01
1.62000e+02 1.87541e-01
1.66000e+02 1.90024e-01
1.70000e+02 1.92522e-01
1.73000e+02 1.96536e-01
1.77000e+02 1.98418e-01
1.80000e+02 2.00991e-01
1.82000e+02 2.05097e-01
1.86000e+02 2.07859e-01
1.91000e+02 2.09506e-01
1.94000e+02 2.13843e-01
1.98000e+02 2.15971e-01
2.02000e+02 2.18153e-01
2.05000e+02 2.22627e-01
2.10000e+02 2.25744e-01
2.16000e+02 2.28265e-01
2.20000e+02 2.32184e-01
2.23000e+02 2.36162e-01
2.27000e+02 2.45507e-01
2.30000e+02 3.01876e-01
2.34000e+02 3.04934e-01
2.40000e+02 2.97618e-01
2.46000e+02 2.93399e-01
2.52000e+02 2.92952e-01
2.57000e+02 2.92355e-01
2.60000e+02 3.00361e-01
2.64000e+02 3.39596e-01
2.69000e+02 3.51296e-01
2.74000e+02 3.50688e-01
2.79000e+02 3.26695e-01
2.84000e+02 3.65160e-01
2.90000e+02 3.83167e-01
2.96000e+02 3.57446e-01
3.01000e+02 3.40856e-01
3.08000e+02 3.72164e-01
3.18000e+02 3.83106e-01
3.28000e+02 3.96097e-01
3.38000e+02 3.87978e-01
3.48000e+02 3.91712e-01
3.57000e+02 5.31105e-01
3.66000e+02 7.50646e-01
3.75000e+02 7.52002e-01
3.85000e+02 6.78518e-01
3.95000e+02 9.04949e-01
4.05000e+02 1.08758e+00
4.14000e+02 1.09225e+00
4.22000e+02 1.01034e+00
4.30000e+02 9.81785e-01
4.41000e+02 1.07602e+00
4.51000e+02 1.08973e+00
4.60000e+02 9.92436e-01
4.70000e+02 9.95898e-01
4.80000e+02 1.05595e+00
4.90000e+02 9.62355e-01
5.00000e+02 1.06652e+00
5.06000e+02 1.10568e+00
5.12000e+02 1.62787e+00
5.20000e+02 1.60668e+00
5.30000e+02 1.45472e+00
5.40000e+02 1.25017e+00
5.50000e+02 1.24654e+00
5.60000e+02 1.52337e+00
5.70000e+02 1.66469e+00
5.80000e+02 1.63097e+00
5.90000e+02 1.59806e+00
6.00000e+02 1.39157e+00
6.10000e+02 1.39537e+00
6.20000e+02 1.61625e+00
6.30000e+02 1.59487e+00
6.40000e+02 1.65579e+00
6.50000e+02 1.59459e+00
6.58000e+02 1.49986e+00
6.65000e+02 1.62236e+00
6.75000e+02 1.65243e+00
6.85000e+02 1.49356e+00
6.95000e+02 1.57908e+00
7.05000e+02 1.40643e+00
7.16000e+02 1.62524e+00
7.26000e+02 1.66495e+00
7.35000e+02 1.65373e+00
7.45000e+02 1.59849e+00
7.55000e+02 1.55426e+00
7.65000e+02 1.45577e+00
7.75000e+02 1.51637e+00
7.85000e+02 1.45889e+00
7.95000e+02 1.50316e+00
8.05000e+02 1.51873e+00
8.15000e+02 1.51892e+00
8.25000e+02 1.48779e+00
8.35000e+02 1.29480e+00
8.45000e+02 1.44362e+00
8.55000e+02 1.45763e+00
8.65000e+02 1.47901e+00
8.75000e+02 1.47911e+00
8.85000e+02 1.47362e+00
8.95000e+02 1.46558e+00
9.05000e+02 1.63738e+00
9.15000e+02 3.21398e+00
9.25000e+02 6.28969e+00
9.35000e+02 9.45244e+00
9.45000e+02 1.26996e+01
9.55000e+02 1.47853e+01
9.65000e+02 1.52861e+01
9.75000e+02 1.00870e+01
9.85000e+02 1.42780e+01
9.95000e+02 1.48913e+01
1.00500e+03 1.61688e+01
1.01500e+03 1.52317e+01
1.02500e+03 1.14075e+01
1.03500e+03 1.41423e+01
1.04500e+03 1.73802e+01
1.05500e+03 1.72898e+01
1.06500e+03 1.59585e+01
1.07500e+03 1.61729e+01
1.08500e+03 1.52346e+01
1.09500e+03 1.61712e+01
1.10500e+03 1.58540e+01
1.11500e+03 1.53918e+01
1.12500e+03 1.46186e+01
1.13500e+03 1.53719e+01
1.14500e+03 1.49600e+01
1.15500e+03 1.48615e+01
1.16500e+03 1.43867e+01
1.17500e+03 1.23986e+01
1.18500e+03 1.35198e+01
1.19500e+03 1.23990e+01
1.20500e+03 1.10623e+01
1.20872e+03 9.99904e+00
1.20880e+03 9.75646e+00
1.20887e+03 9.74068e+00
1.20894e+03 9.72578e+00
1.20902e+03 9.71187e+00
1.20909e+03 9.69905e+00
1.20916e+03 9.68743e+00
1.20923e+03 9.67714e+00
1.20931e+03 9.66831e+00
1.20938e+03 9.66110e+00
1.20945e+03 9.65564e+00
1.20953e+03 9.65213e+00
1.20960e+03 9.65074e+00
1.20967e+03 9.65166e+00
1.20975e+03 9.65511e+00
1.20982e+03 9.66132e+00
1.20989e+03 9.67052e+00
1.20996e+03 9.68297e+00
1.21004e+03 9.69895e+00
1.21011e+03 9.71875e+00
1.21018e+03 9.74266e+00
1.21026e+03 9.77100e+00
1.21033e+03 9.80414e+00
1.21040e+03 9.84241e+00
1.21047e+03 9.88618e+00
1.21055e+03 9.93586e+00
1.21062e+03 9.99185e+00
1.21069e+03 1.00545e+01
1.21077e+03 1.01244e+01
1.21084e+03 1.02019e+01
1.21091e+03 1.02874e+01
1.21099e+03 1.03816e+01
1.21106e+03 1.04848e+01
1.21113e+03 1.05974e+01
1.21120e+03 1.07201e+01
1.21128e+03 1.08533e+01
1.21135e+03 1.09976e+01
1.21142e+03 1.11533e+01
1.21150e+03 1.13212e+01
1.21157e+03 1.15015e+01
1.21164e+03 1.16948e+01
1.21172e+03 1.19017e+01
1.21179e+03 1.21225e+01
1.21186e+03 1.23577e+01
1.21193e+03 1.26077e+01
1.21201e+03 1.28730e+01
1.21208e+03 1.31537e+01
1.21215e+03 1.34501e+01
1.21223e+03 1.37628e+01
1.21230e+03 1.40918e+01
1.21237e+03 1.44373e+01
1.21244e+03 1.47995e+01
1.21252e+03 1.51784e+01
1.21259e+03 1.55738e+01
1.21266e+03 1.59861e+01
1.21274e+03 1.64149e+01
1.21281e+03 1.68598e+01
1.21288e+03 1.73209e+01
1.21296e+03 1.77978e+01
1.21303e+03 1.82898e+01
1.21310e+03 1.87962e+01
1.21317e+03 1.93169e+01
1.21325e+03 1.98509e+01
1.21332e+03 2.03971e+01
1.21339e+03 2.09553e+01
1.21347e+03 2.15241e+01
1.21354e+03 2.21022e+01
1.21361e+03 2.26890e+01
1.21369e+03 2.32832e+01
1.21376e+03 2.38830e+01
1.21383e+03 2.44870e+01
1.21390e+03 2.50942e+01
1.21398e+03 2.57028e+01
1.21405e+03 2.63110e+01
1.21412e+03 2.69176e+01
1.21420e+03 2.75205e+01
1.21427e+03 2.81179e+01
1.21434e+03 2.87084e+01
1.21441e+03 2.92899e+01
1.21449e+03 2.98603e+01
1.21456e+03 3.04183e+01
1.21463e+03 3.09619e+01
1.21471e+03 3.14890e+01
1.21478e+03 3.19975e+01
1.21485e+03 3.24863e+01
1.21493e+03 3.29555e+01
1.21500e+03 3.34067e+01
1.21507e+03 3.38652e+01
1.21514e+03 3.43036e+01
1.21522e+03 3.47158e+01
1.21529e+03 3.50985e+01
1.21536e+03 3.54502e+01
1.21544e+03 3.57696e+01
1.21551e+03 3.60558e+01
1.21558e+03 3.63078e+01
1.21566e+03 3.65244e+01
1.21573e+03 3.67051e+01
1.21580e+03 3.68494e+01
1.21587e+03 3.69568e+01
1.21595e+03 3.70268e+01
1.21602e+03 3.70595e+01
1.21609e+03 3.70547e+01
1.21617e+03 3.70126e+01
1.21624e+03 3.69334e+01
1.21631e+03 3.68175e+01
1.21638e+03 3.66656e+01
1.21646e+03 3.64782e+01
1.21653e+03 3.62561e+01
1.21660e+03 3.60005e+01
1.21668e+03 3.57123e+01
1.21675e+03 3.53927e+01
1.21682e+03 3.50429e+01
1.21690e+03 3.46646e+01
1.21697e+03 3.42588e+01
1.21704e+03 3.38273e+01
1.21711e+03 3.33720e+01
1.21719e+03 3.28941e+01
1.21726e+03 3.23956e+01
1.21733e+03 3.18785e+01
1.21741e+03 3.13441e+01
1.21748e+03 3.07943e+01
1.21755e+03 3.02315e+01
1.21763e+03 2.96575e+01
1.21770e+03 2.90736e+01
1.21777e+03 2.84819e+01
1.21784e+03 2.78846e+01
1.21792e+03 2.72828e+01
1.21799e+03 2.66786e+01
1.21806e+03 2.60739e+01
1.21814e+03 2.54699e+01
1.21821e+03 2.48683e+01
1.21828e+03 2.42709e+01
1.21835e+03 2.36787e+01
1.21843e+03 2.30929e+01
1.21850e+03 2.25154e+01
1.21857e+03 2.19474e+01
1.21865e+03 2.13894e+01
1.21872e+03 2.08427e+01
1.21879e+03 2.03084e+01
1.21887e+03 1.97870e+01
1.21894e+03 1.92794e+01
1.21901e+03 1.87865e+01
1.21908e+03 1.83084e+01
1.21916e+03 1.78456e+01
1.21923e+03 1.73989e+01
1.21930e+03 1.69685e+01
1.21938e+03 1.65545e+01
1.21945e+03 1.61570e+01
1.21952e+03 1.57764e+01
1.21960e+03 1.54123e+01
1.21967e+03 1.50649e+01
1.21974e+03 1.47342e+01
1.21981e+03 1.44197e+01
1.21989e+03 1.41215e+01
1.21996e+03 1.38392e+01
1.22003e+03 1.35725e+01
1.22011e+03 1.33210e+01
1.22018e+03 1.30845e+01
1.22025e+03 1.28626e+01
1.22032e+03 1.26546e+01
1.22040e+03 1.24603e+01
1.22047e+03 1.22793e+01
1.22054e+03 1.21108e+01
1.22062e+03 1.19546e+01
1.22069e+03 1.18100e+01
1.22076e+03 1.16767e+01
1.22084e+03 1.15539e+01
1.22091e+03 1.14415e+01
1.22098e+03 1.13386e+01
1.22105e+03 1.12449e+01
1.22113e+03 1.11599e+01
1.22120e+03 1.10832e+01
1.22127e+03 1.10142e+01
1.22135e+03 1.09524e+01
1.22142e+03 1.08976e+01
1.22149e+03 1.08492e+01
1.22157e+03 1.08067e+01
1.22164e+03 1.07700e+01
1.22171e+03 1.07384e+01
1.22178e+03 1.07118e+01
1.22186e+03 1.06897e+01
1.22193e+03 1.06717e+01
1.22200e+03 1.06577e+01
1.22208e+03 1.06473e+01
1.22215e+03 1.06402e+01
1.22222e+03 1.06362e+01
1.22229e+03 1.06350e+01
1.22237e+03 1.06364e+01
1.22244e+03 1.06402e+01
1.22251e+03 1.06461e+01
1.22259e+03 1.06541e+01
1.22266e+03 1.06638e+01
1.22273e+03 1.06752e+01
1.22281e+03 1.06880e+01
1.22288e+03 1.07023e+01
1.22295e+03 1.07178e+01
1.22302e+03 1.07343e+01
1.22310e+03 1.07519e+01
1.22317e+03 1.07704e+01
1.22324e+03 1.09475e+01
1.22500e+03 1.18311e+01
1.23500e+03 1.30964e+01
1.24500e+03 1.35790e+01
1.25500e+03 1.33905e+01
1.26500e+03 1.30448e+01
1.27500e+03 1.36994e+01
1.28500e+03 1.37132e+01
1.29500e+03 1.27505e+01
1.30500e+03 1.26096e+01
1.31500e+03 1.32339e+01
1.32500e+03 1.29306e+01
1.33500e+03 1.24587e+01
1.34500e+03 1.27795e+01
1.35500e+03 1.25395e+01
1.36500e+03 1.20128e+01
1.37500e+03 1.19027e+01
1.38500e+03 1.16419e+01
1.39500e+03 1.04797e+01
1.40500e+03 1.02739e+01
1.41500e+03 1.09746e+01
1.42500e+03 1.09462e+01
1.43500e+03 1.09614e+01
1.44200e+03 1.10418e+01
1.44700e+03 1.10181e+01
1.45500e+03 1.07745e+01
1.46500e+03 1.04459e+01
1.47500e+03 1.03349e+01
1.48500e+03 1.02962e+01
1.49500e+03 1.01811e+01
1.50500e+03 9.89016e+00
1.51200e+03 9.52069e+00
1.51700e+03 9.58124e+00
1.52500e+03 9.37596e+00
1.53500e+03 8.79229e+00
1.54500e+03 8.49510e+00
1.55500e+03 8.38578e+00
1.56500e+03 8.63683e+00
1.57500e+03 8.88851e+00
1.58500e+03 9.01621e+00
1.59500e+03 9.03370e+00
1.60500e+03 8.87357e+00
1.61500e+03 8.78691e+00
1.62500e+03 8.70512e+00
1.63500e+03 8.79385e+00
1.64500e+03 8.73911e+00
1.65500e+03 8.70879e+00
1.66500e+03 8.80420e+00
1.67200e+03 8.57103e+00
1.67700e+03 8.90707e+00
1.68500e+03 8.90610e+00
1.69500e+03 8.66703e+00
1.70500e+03 8.43949e+00
1.71500e+03 8.18355e+00
1.72500e+03 8.09225e+00
1.73500e+03 8.19224e+00
1.74500e+03 8.11269e+00
1.75500e+03 8.11762e+00
1.76500e+03 7.90486e+00
1.77500e+03 7.84285e+00
1.78500e+03 7.84867e+00
1.79500e+03 7.88510e+00
1.80500e+03 7.80432e+00
1.81500e+03 7.55330e+00
1.82500e+03 7.49797e+00
1.83500e+03 7.34498e+00
1.84500e+03 7.07170e+00
1.85500e+03 6.98315e+00
1.86500e+03 6.99756e+00
1.87500e+03 7.03413e+00
1.88500e+03 6.74048e+00
1.89500e+03 6.54051e+00
1.90500e+03 6.58318e+00
1.91500e+03 6.40704e+00
1.92500e+03 6.25462e+00
1.93500e+03 6.29754e+00
1.94500e+03 6.27533e+00
1.95500e+03 6.05571e+00
1.96700e+03 6.12964e+00
1.97600e+03 6.16154e+00
1.98400e+03 5.98174e+00
1.99500e+03 5.84574e+00
2.00500e+03 5.84360e+00
2.01500e+03 5.76973e+00
2.02500e+03 5.76372e+00
2.03500e+03 5.60149e+00
2.04500e+03 5.49326e+00
2.05500e+03 5.08922e+00
2.06500e+03 5.15741e+00
2.07400e+03 5.38497e+00
2.07800e+03 5.31646e+00
2.08500e+03 5.30345e+00
2.09500e+03 5.16981e+00
2.10500e+03 5.13243e+00
2.11500e+03 5.10206e+00
2.12500e+03 5.05738e+00
2.13500e+03 4.93155e+00
2.14500e+03 4.86849e+00
2.15500e+03 4.86913e+00
2.16500e+03 4.77456e+00
2.17500e+03 4.70917e+00
2.18500e+03 4.63146e+00
2.19500e+03 4.63959e+00
2.20500e+03 4.56211e+00
2.21500e+03 4.44825e+00
2.22500e+03 4.37774e+00
2.23500e+03 4.37776e+00
2.24500e+03 4.31454e+00
2.25500e+03 4.24867e+00
2.26500e+03 4.27906e+00
2.27500e+03 4.30495e+00
2.28500e+03 4.30466e+00
2.29500e+03 4.22315e+00
2.30500e+03 4.21383e+00
2.31500e+03 4.15383e+00
2.32500e+03 3.93836e+00
2.33500e+03 4.08146e+00
2.34500e+03 4.09615e+00
2.35500e+03 4.12520e+00
2.36500e+03 4.07571e+00
2.37500e+03 4.05447e+00
2.38500e+03 3.97545e+00
2.39500e+03 4.01111e+00
2.40500e+03 3.97161e+00
2.41500e+03 3.96518e+00
2.42500e+03 3.97415e+00
2.43500e+03 3.92672e+00
2.44500e+03 3.94402e+00
2.45500e+03 3.91705e+00
2.46500e+03 3.88126e+00
2.47500e+03 3.83873e+00
2.48500e+03 3.81380e+00
2.49500e+03 3.67453e+00
2.50500e+03 3.75831e+00
2.51300e+03 3.65376e+00
2.51800e+03 3.69229e+00
2.52500e+03 3.64323e+00
2.53500e+03 3.59537e+00
2.54500e+03 3.54316e+00
2.55500e+03 3.53685e+00
2.56500e+03 3.50185e+00
2.57500e+03 3.50825e+00
2.58500e+03 3.49212e+00
2.59500e+03 3.46344e+00
2.60500e+03 3.42052e+00
2.61500e+03 3.39547e+00
2.62500e+03 3.39488e+00
2.63500e+03 3.39550e+00
2.64500e+03 3.42634e+00
2.65500e+03 3.41563e+00
2.66500e+03 3.36570e+00
2.67500e+03 3.37208e+00
2.68500e+03 3.36544e+00
2.69500e+03 3.32930e+00
2.70500e+03 3.31755e+00
2.71500e+03 3.27484e+00
2.72500e+03 3.24795e+00
2.73500e+03 3.22890e+00
2.74500e+03 3.16352e+00
2.75500e+03 3.14081e+00
2.76500e+03 3.13783e+00
2.77500e+03 3.14567e+00
2.78500e+03 3.09546e+00
2.79500e+03 2.96647e+00
2.80500e+03 2.97603e+00
2.81500e+03 3.02349e+00
2.82500e+03 2.99945e+00
2.83500e+03 2.94505e+00
2.84500e+03 2.91184e+00
2.85500e+03 2.88241e+00
2.86500e+03 2.87395e+00
2.87500e+03 2.83963e+00
2.88500e+03 2.81274e+00
2.89500e+03 2.78273e+00
2.91000e+03 2.75920e+00
2.93000e+03 2.71057e+00
2.95000e+03 2.66147e+00
2.97000e+03 2.62655e+00
2.99000e+03 2.58950e+00
3.01000e+03 2.55633e+00
3.03000e+03 2.52280e+00
3.05000e+03 2.49448e+00
3.07000e+03 2.46862e+00
3.09000e+03 2.44486e+00
3.11000e+03 2.41009e+00
3.13000e+03 2.35929e+00
3.15000e+03 2.30730e+00
3.17000e+03 2.25323e+00
3.19000e+03 2.21227e+00
3.21000e+03 2.21028e+00
3.23000e+03 2.20988e+00
3.25000e+03 2.20382e+00
3.27000e+03 2.18378e+00
3.29000e+03 2.15771e+00
3.31000e+03 2.13323e+00
3.33000e+03 2.11206e+00
3.35000e+03 2.09762e+00
3.37000e+03 2.08811e+00
3.39000e+03 2.08125e+00
3.41000e+03 2.06378e+00
3.43000e+03 2.02333e+00
3.45000e+03 1.99473e+00
3.47000e+03 1.97339e+00
3.49000e+03 1.95187e+00
3.51000e+03 1.92965e+00
3.53000e+03 1.90306e+00
3.55000e+03 1.87908e+00
3.57000e+03 1.84761e+00
3.59000e+03 1.82231e+00
3.61000e+03 1.80567e+00
3.63000e+03 1.79204e+00
3.64000e+03 1.77542e+00
3.65000e+03 1.70660e+00
3.67000e+03 1.67703e+00
3.69000e+03 1.64350e+00
3.70466e+03 1.65824e+00
3.70488e+03 1.66799e+00
3.70511e+03 1.66851e+00
3.70533e+03 1.66902e+00
3.70555e+03 1.66954e+00
3.70578e+03 1.67004e+00
3.70600e+03 1.67056e+00
3.70622e+03 1.67106e+00
3.70645e+03 1.67157e+00
3.70667e+03 1.67209e+00
3.70689e+03 1.67259e+00
3.70712e+03 1.67310e+00
3.70734e+03 1.67360e+00
3.70756e+03 1.67413e+00
3.70779e+03 1.67463e+00
3.70801e+03 1.67513e+00
3.70824e+03 1.67565e+00
3.70846e+03 1.67616e+00
3.70868e+03 1.67667e+00
3.70891e+03 1.67718e+00
3.70913e+03 1.67770e+00
3.70935e+03 1.67820e+00
3.70958e+03 1.67873e+00
3.70980e+03 1.67924e+00
3.71000e+03 1.67961e+00
3.71002e+03 1.67972e+00
3.71025e+03 1.67968e+00
3.71047e+03 1.67964e+00
3.71070e+03 1.67962e+00
3.71092e+03 1.67962e+00
3.71114e+03 1.67961e+00
3.71137e+03 1.67964e+00
3.71159e+03 1.67967e+00
3.71181e+03 1.67975e+00
3.71204e+03 1.67986e+00
3.71226e+03 1.68002e+00
3.71248e+03 1.68023e+00
3.71271e+03 1.68054e+00
3.71293e+03 1.68090e+00
3.71316e+03 1.68139e+00
3.71338e+03 1.68202e+00
3.71360e+03 1.68281e+00
3.71383e+03 1.68380e+00
3.71405e+03 1.68504e+00
3.71427e+03 1.68660e+00
3.71450e+03 1.68850e+00
3.71472e+03 1.69088e+00
3.71494e+03 1.69380e+00
3.71517e+03 1.69735e+00
3.71539e+03 1.70162e+00
3.71562e+03 1.70679e+00
3.71584e+03 1.71297e+00
3.71606e+03 1.72034e+00
3.71629e+03 1.72912e+00
3.71651e+03 1.73952e+00
3.71673e+03 1.75176e+00
3.71696e+03 1.76618e+00
3.71718e+03 1.78304e+00
3.71740e+03 1.80268e+00
3.71763e+03 1.82552e+00
3.71785e+03 1.85190e+00
3.71808e+03 1.88226e+00
3.71830e+03 1.91710e+00
3.71852e+03 1.95689e+00
3.71875e+03 2.00214e+00
3.71897e+03 2.05340e+00
3.71919e+03 2.11121e+00
3.71942e+03 2.17615e+00
3.71964e+03 2.24878e+00
3.71986e+03 2.32963e+00
3.72009e+03 2.41930e+00
3.72031e+03 2.51823e+00
3.72053e+03 2.62699e+00
3.72076e+03 2.74603e+00
3.72098e+03 2.87570e+00
3.72121e+03 3.01630e+00
3.72143e+03 3.16804e+00
3.72165e+03 3.33105e+00
3.72188e+03 3.50529e+00
3.72210e+03 3.69065e+00
3.72232e+03 3.88689e+00
3.72255e+03 4.09357e+00
3.72277e+03 4.31009e+00
3.72299e+03 4.53572e+00
3.72322e+03 4.76959e+00
3.72344e+03 5.01059e+00
3.72367e+03 5.25751e+00
3.72389e+03 5.50888e+00
3.72411e+03 5.76320e+00
3.72434e+03 6.01881e+00
3.72456e+03 6.27376e+00
3.72478e+03 6.52617e+00
3.72501e+03 6.77421e+00
3.72523e+03 7.01576e+00
3.72545e+03 7.24868e+00
3.72568e+03 7.47095e+00
3.72590e+03 7.68044e+00
3.72613e+03 7.87521e+00
3.72635e+03 8.05331e+00
3.72657e+03 8.21298e+00
3.72680e+03 8.35267e+00
3.72702e+03 8.47082e+00
3.72724e+03 8.56627e+00
3.72747e+03 8.63803e+00
3.72769e+03 8.68524e+00
3.72791e+03 8.70747e+00
3.72814e+03 8.70451e+00
3.72836e+03 8.67629e+00
3.72859e+03 8.62322e+00
3.72881e+03 8.54578e+00
3.72903e+03 8.44483e+00
3.72926e+03 8.32152e+00
3.72948e+03 8.17706e+00
3.72970e+03 8.01289e+00
3.72993e+03 7.86330e+00
3.73000e+03 7.75073e+00
3.73015e+03 7.61703e+00
3.73037e+03 7.42263e+00
3.73060e+03 7.19951e+00
3.73082e+03 6.96615e+00
3.73105e+03 6.72470e+00
3.73127e+03 6.47716e+00
3.73149e+03 6.22567e+00
3.73172e+03 5.97216e+00
3.73194e+03 5.71851e+00
3.73216e+03 5.46651e+00
3.73239e+03 5.21789e+00
3.73261e+03 4.97406e+00
3.73283e+03 4.73644e+00
3.73306e+03 4.50627e+00
3.73328e+03 4.28451e+00
3.73351e+03 4.07212e+00
3.73373e+03 3.86980e+00
3.73395e+03 3.67794e+00
3.73418e+03 3.49700e+00
3.73440e+03 3.32718e+00
3.73462e+03 3.16865e+00
3.73485e+03 3.02137e+00
3.73507e+03 2.88518e+00
3.73529e+03 2.75985e+00
3.73552e+03 2.64508e+00
3.73574e+03 2.54043e+00
3.73596e+03 2.44550e+00
3.73619e+03 2.35977e+00
3.73641e+03 2.28271e+00
3.73664e+03 2.21376e+00
3.73686e+03 2.15238e+00
3.73708e+03 2.09796e+00
3.73731e+03 2.05000e+00
3.73753e+03 2.00789e+00
3.73775e+03 1.97112e+00
3.73798e+03 1.93922e+00
3.73820e+03 1.91165e+00
3.73842e+03 1.88794e+00
3.73865e+03 1.86774e+00
3.73887e+03 1.85058e+00
3.73910e+03 1.83613e+00
3.73932e+03 1.82408e+00
3.73954e+03 1.81409e+00
3.73977e+03 1.80590e+00
3.73999e+03 1.79928e+00
3.74021e+03 1.79402e+00
3.74044e+03 1.78991e+00
3.74066e+03 1.78677e+00
3.74088e+03 1.78448e+00
3.74111e+03 1.78290e+00
3.74133e+03 1.78192e+00
3.74156e+03 1.78144e+00
3.74178e+03 1.78139e+00
3.74200e+03 1.78166e+00
3.74223e+03 1.78225e+00
3.74245e+03 1.78307e+00
3.74267e+03 1.78407e+00
3.74290e+03 1.78524e+00
3.74312e+03 1.78654e+00
3.74334e+03 1.78794e+00
3.74357e+03 1.78942e+00
3.74379e+03 1.79099e+00
3.74402e+03 1.79259e+00
3.74424e+03 1.79426e+00
3.74446e+03 1.79594e+00
3.74469e+03 1.79766e+00
3.74491e+03 1.79940e+00
3.74513e+03 1.80117e+00
3.74536e+03 1.80293e+00
3.74558e+03 1.80472e+00
3.74580e+03 1.80650e+00
3.74603e+03 1.80829e+00
3.74625e+03 1.81009e+00
3.74648e+03 1.81192e+00
3.74670e+03 1.81371e+00
3.74692e+03 1.81551e+00
3.74715e+03 1.81732e+00
3.74737e+03 1.81915e+00
3.74759e+03 1.82095e+00
3.74782e+03 1.82278e+00
3.74804e+03 1.82459e+00
3.74826e+03 1.82640e+00
3.74849e+03 1.82822e+00
3.74871e+03 1.83002e+00
3.74893e+03 1.83183e+00
3.74916e+03 1.83492e+00
3.75000e+03 1.84801e+00
3.77000e+03 1.88327e+00
3.79000e+03 2.00190e+00
3.81000e+03 2.07680e+00
3.83000e+03 1.93808e+00
3.85000e+03 2.14069e+00
3.87000e+03 2.17003e+00
3.89000e+03 1.87713e+00
3.91000e+03 2.15405e+00
3.93000e+03 2.16470e+00
3.95000e+03 2.09344e+00
3.97000e+03 1.75970e+00
3.99000e+03 2.03524e+00
4.01000e+03 2.10847e+00
4.03000e+03 2.06792e+00
4.05000e+03 2.05665e+00
4.07000e+03 2.01262e+00
4.07820e+03 1.95615e+00
4.07845e+03 1.93891e+00
4.07870e+03 1.93680e+00
4.07894e+03 1.93471e+00
4.07919e+03 1.93261e+00
4.07943e+03 1.93052e+00
4.07968e+03 1.92841e+00
4.07993e+03 1.92631e+00
4.08017e+03 1.92422e+00
4.08042e+03 1.92212e+00
4.08066e+03 1.92003e+00
4.08091e+03 1.91794e+00
4.08116e+03 1.91585e+00
4.08140e+03 1.91375e+00
4.08165e+03 1.91166e+00
4.08190e+03 1.90955e+00
4.08214e+03 1.90749e+00
4.08239e+03 1.90537e+00
4.08263e+03 1.90329e+00
4.08288e+03 1.90120e+00
4.08313e+03 1.89912e+00
4.08337e+03 1.89703e+00
4.08362e+03 1.89495e+00
4.08386e+03 1.89287e+00
4.08411e+03 1.89078e+00
4.08436e+03 1.88870e+00
4.08460e+03 1.88663e+00
4.08485e+03 1.88456e+00
4.08510e+03 1.88249e+00
4.08534e+03 1.88046e+00
4.08559e+03 1.87838e+00
4.08583e+03 1.87636e+00
4.08608e+03 1.87432e+00
4.08633e+03 1.87231e+00
4.08657e+03 1.87031e+00
4.08682e+03 1.86834e+00
4.08706e+03 1.86639e+00
4.08731e+03 1.86449e+00
4.08756e+03 1.86261e+00
4.08780e+03 1.86078e+00
4.08805e+03 1.85903e+00
4.08830e+03 1.85732e+00
4.08854e+03 1.85571e+00
4.08879e+03 1.85421e+00
4.08903e+03 1.85282e+00
4.08928e+03 1.85157e+00
4.08953e+03 1.85047e+00
4.08977e+03 1.84959e+00
4.09000e+03 1.84900e+00
4.09002e+03 1.84857e+00
4.09026e+03 1.84765e+00
4.09051e+03 1.84678e+00
4.09076e+03 1.84624e+00
4.09100e+03 1.84607e+00
4.09125e+03 1.84634e+00
4.09150e+03 1.84712e+00
4.09174e+03 1.84843e+00
4.09199e+03 1.85037e+00
4.09223e+03 1.85299e+00
4.09248e+03 1.85638e+00
4.09273e+03 1.86061e+00
4.09297e+03 1.86572e+00
4.09322e+03 1.87188e+00
4.09347e+03 1.87911e+00
4.09371e+03 1.88751e+00
4.09396e+03 1.89714e+00
4.09420e+03 1.90811e+00
4.09445e+03 1.92050e+00
4.09470e+03 1.93431e+00
4.09494e+03 1.94970e+00
4.09519e+03 1.96663e+00
4.09543e+03 1.98520e+00
4.09568e+03 2.00543e+00
4.09593e+03 2.02727e+00
4.09617e+03 2.05077e+00
4.09642e+03 2.07589e+00
4.09667e+03 2.10255e+00
4.09691e+03 2.13072e+00
4.09716e+03 2.16028e+00
4.09740e+03 2.19115e+00
4.09765e+03 2.22313e+00
4.09790e+03 2.25606e+00
4.09814e+03 2.28975e+00
4.09839e+03 2.32400e+00
4.09863e+03 2.35856e+00
4.09888e+03 2.39321e+00
4.09913e+03 2.42763e+00
4.09937e+03 2.46152e+00
4.09962e+03 2.49462e+00
4.09987e+03 2.52663e+00
4.10011e+03 2.55721e+00
4.10036e+03 2.58609e+00
4.10060e+03 2.61298e+00
4.10085e+03 2.63756e+00
4.10110e+03 2.65955e+00
4.10134e+03 2.67875e+00
4.10159e+03 2.69488e+00
4.10183e+03 2.70780e+00
4.10208e+03 2.71732e+00
4.10233e+03 2.72328e+00
4.10257e+03 2.72563e+00
4.10282e+03 2.72430e+00
4.10307e+03 2.71926e+00
4.10331e+03 2.71055e+00
4.10356e+03 2.69823e+00
4.10380e+03 2.68237e+00
4.10405e+03 2.66313e+00
4.10430e+03 2.64071e+00
4.10454e+03 2.61528e+00
4.10479e+03 2.58711e+00
4.10503e+03 2.55642e+00
4.10528e+03 2.52346e+00
4.10553e+03 2.48857e+00
4.10577e+03 2.45207e+00
4.10602e+03 2.41420e+00
4.10627e+03 2.37532e+00
4.10651e+03 2.33568e+00
4.10676e+03 2.29560e+00
4.10700e+03 2.25533e+00
4.10725e+03 2.21521e+00
4.10750e+03 2.17547e+00
4.10774e+03 2.13633e+00
4.10799e+03 2.09800e+00
4.10823e+03 2.06065e+00
4.10848e+03 2.02442e+00
4.10873e+03 1.98953e+00
4.10897e+03 1.95606e+00
4.10922e+03 1.92413e+00
4.10947e+03 1.89375e+00
4.10971e+03 1.86499e+00
4.10996e+03 1.84325e+00
4.11000e+03 1.83032e+00
4.11020e+03 1.81715e+00
4.11045e+03 1.80076e+00
4.11070e+03 1.78520e+00
4.11094e+03 1.77122e+00
4.11119e+03 1.75875e+00
4.11144e+03 1.74776e+00
4.11168e+03 1.73811e+00
4.11193e+03 1.72978e+00
4.11217e+03 1.72269e+00
4.11242e+03 1.71674e+00
4.11267e+03 1.71186e+00
4.11291e+03 1.70796e+00
4.11316e+03 1.70496e+00
4.11340e+03 1.70276e+00
4.11365e+03 1.70133e+00
4.11390e+03 1.70057e+00
4.11414e+03 1.70039e+00
4.11439e+03 1.70076e+00
4.11464e+03 1.70159e+00
4.11488e+03 1.70284e+00
4.11513e+03 1.70448e+00
4.11537e+03 1.70643e+00
4.11562e+03 1.70866e+00
4.11587e+03 1.71114e+00
4.11611e+03 1.71385e+00
4.11636e+03 1.71671e+00
4.11660e+03 1.71974e+00
4.11685e+03 1.72290e+00
4.11710e+03 1.72618e+00
4.11734e+03 1.72954e+00
4.11759e+03 1.73298e+00
4.11784e+03 1.73649e+00
4.11808e+03 1.74007e+00
4.11833e+03 1.74367e+00
4.11857e+03 1.74732e+00
4.11882e+03 1.75099e+00
4.11907e+03 1.75469e+00
4.11931e+03 1.75843e+00
4.11956e+03 1.76216e+00
4.11981e+03 1.76589e+00
4.12005e+03 1.76962e+00
4.12030e+03 1.77335e+00
4.12054e+03 1.77710e+00
4.12079e+03 1.78085e+00
4.12104e+03 1.78460e+00
4.12128e+03 1.78837e+00
4.12153e+03 1.79212e+00
4.12177e+03 1.79589e+00
4.12202e+03 1.79965e+00
4.12227e+03 1.80340e+00
4.12251e+03 1.80714e+00
4.12276e+03 1.81092e+00
4.12301e+03 1.81467e+00
4.12325e+03 1.81844e+00
4.12350e+03 1.82219e+00
4.12374e+03 1.82595e+00
4.12399e+03 1.82970e+00
4.12424e+03 1.83346e+00
4.12448e+03 1.83721e+00
4.12473e+03 1.84096e+00
4.12497e+03 1.84471e+00
4.12522e+03 1.84845e+00
4.12547e+03 1.85218e+00
4.12571e+03 1.85595e+00
4.12596e+03 1.85970e+00
4.12621e+03 1.86343e+00
4.12645e+03 1.86717e+00
4.12670e+03 1.87092e+00
4.12694e+03 1.87466e+00
4.12719e+03 1.88890e+00
4.13000e+03 1.92689e+00
4.15000e+03 1.92585e+00
4.17000e+03 1.90937e+00
4.19000e+03 1.88650e+00
4.21000e+03 1.86628e+00
4.23000e+03 1.84210e+00
4.25000e+03 1.81892e+00
4.27000e+03 1.78621e+00
4.29000e+03 1.75605e+00
4.31000e+03 1.70095e+00
4.31565e+03 1.65870e+00
4.31591e+03 1.64697e+00
4.31617e+03 1.64482e+00
4.31643e+03 1.64266e+00
4.31669e+03 1.64053e+00
4.31695e+03 1.63838e+00
4.31721e+03 1.63623e+00
4.31747e+03 1.63410e+00
4.31773e+03 1.63196e+00
4.31799e+03 1.62982e+00
4.31825e+03 1.62767e+00
4.31852e+03 1.62553e+00
4.31878e+03 1.62340e+00
4.31904e+03 1.62124e+00
4.31930e+03 1.61912e+00
4.31956e+03 1.61697e+00
4.31982e+03 1.61486e+00
4.32008e+03 1.61271e+00
4.32034e+03 1.61059e+00
4.32060e+03 1.60846e+00
4.32086e+03 1.60630e+00
4.32112e+03 1.60419e+00
4.32138e+03 1.60206e+00
4.32164e+03 1.59995e+00
4.32190e+03 1.59783e+00
4.32216e+03 1.59571e+00
4.32242e+03 1.59361e+00
4.32268e+03 1.59151e+00
4.32294e+03 1.58943e+00
4.32320e+03 1.58733e+00
4.32346e+03 1.58527e+00
4.32373e+03 1.58322e+00
4.32399e+03 1.58120e+00
4.32425e+03 1.57919e+00
4.32451e+03 1.57721e+00
4.32477e+03 1.57526e+00
4.32503e+03 1.57338e+00
4.32529e+03 1.57156e+00
4.32555e+03 1.56979e+00
4.32581e+03 1.56811e+00
4.32607e+03 1.56653e+00
4.32633e+03 1.56506e+00
4.32659e+03 1.56373e+00
4.32685e+03 1.56256e+00
4.32711e+03 1.56160e+00
4.32737e+03 1.56086e+00
4.32763e+03 1.56042e+00
4.32789e+03 1.56028e+00
4.32815e+03 1.56050e+00
4.32841e+03 1.56116e+00
4.32867e+03 1.56232e+00
4.32894e+03 1.56403e+00
4.32920e+03 1.56638e+00
4.32946e+03 1.56947e+00
4.32972e+03 1.57339e+00
4.32998e+03 1.57691e+00
4.33000e+03 1.57996e+00
4.33024e+03 1.58459e+00
4.33050e+03 1.59186e+00
4.33076e+03 1.60055e+00
4.33102e+03 1.61066e+00
4.33128e+03 1.62230e+00
4.33154e+03 1.63561e+00
4.33180e+03 1.65077e+00
4.33206e+03 1.66786e+00
4.33232e+03 1.68705e+00
4.33258e+03 1.70847e+00
4.33284e+03 1.73221e+00
4.33310e+03 1.75845e+00
4.33336e+03 1.78725e+00
4.33362e+03 1.81870e+00
4.33388e+03 1.85286e+00
4.33415e+03 1.88975e+00
4.33441e+03 1.92943e+00
4.33467e+03 1.97189e+00
4.33493e+03 2.01702e+00
4.33519e+03 2.06477e+00
4.33545e+03 2.11504e+00
4.33571e+03 2.16764e+00
4.33597e+03 2.22236e+00
4.33623e+03 2.27899e+00
4.33649e+03 2.33721e+00
4.33675e+03 2.39672e+00
4.33701e+03 2.45716e+00
4.33727e+03 2.51811e+00
4.33753e+03 2.57914e+00
4.33779e+03 2.63981e+00
4.33805e+03 2.69963e+00
4.33831e+03 2.75811e+00
4.33857e+03 2.81474e+00
4.33883e+03 2.86899e+00
4.33909e+03 2.92035e+00
4.33935e+03 2.96834e+00
4.33962e+03 3.01248e+00
4.33988e+03 3.05230e+00
4.34014e+03 3.08739e+00
4.34040e+03 3.11740e+00
4.34066e+03 3.14194e+00
4.34092e+03 3.16079e+00
4.34118e+03 3.17372e+00
4.34144e+03 3.18055e+00
4.34170e+03 3.18120e+00
4.34196e+03 3.17565e+00
4.34222e+03 3.16396e+00
4.34248e+03 3.14619e+00
4.34274e+03 3.12255e+00
4.34300e+03 3.09327e+00
4.34326e+03 3.05863e+00
4.34352e+03 3.01896e+00
4.34378e+03 2.97466e+00
4.34404e+03 2.92618e+00
4.34430e+03 2.87393e+00
4.34457e+03 2.81843e+00
4.34483e+03 2.76018e+00
4.34509e+03 2.69967e+00
4.34535e+03 2.63743e+00
4.34561e+03 2.57397e+00
4.34587e+03 2.50977e+00
4.34613e+03 2.44532e+00
4.34639e+03 2.38106e+00
4.34665e+03 2.31742e+00
4.34691e+03 2.25480e+00
4.34717e+03 2.19354e+00
4.34743e+03 2.13396e+00
4.34769e+03 2.07634e+00
4.34795e+03 2.02090e+00
4.34821e+03 1.96783e+00
4.34847e+03 1.91731e+00
4.34873e+03 1.86944e+00
4.34899e+03 1.82427e+00
4.34925e+03 1.78187e+00
4.34951e+03 1.74222e+00
4.34978e+03 1.70653e+00
4.35000e+03 1.68168e+00
4.35004e+03 1.66583e+00
4.35030e+03 1.64519e+00
4.35056e+03 1.62109e+00
4.35082e+03 1.59944e+00
4.35108e+03 1.58009e+00
4.35134e+03 1.56295e+00
4.35160e+03 1.54787e+00
4.35186e+03 1.53470e+00
4.35212e+03 1.52331e+00
4.35238e+03 1.51358e+00
4.35264e+03 1.50535e+00
4.35290e+03 1.49849e+00
4.35316e+03 1.49288e+00
4.35342e+03 1.48838e+00
4.35368e+03 1.48491e+00
4.35394e+03 1.48232e+00
4.35420e+03 1.48054e+00
4.35446e+03 1.47947e+00
4.35472e+03 1.47901e+00
4.35499e+03 1.47911e+00
4.35525e+03 1.47968e+00
4.35551e+03 1.48065e+00
4.35577e+03 1.48198e+00
4.35603e+03 1.48361e+00
4.35629e+03 1.48550e+00
4.35655e+03 1.48763e+00
4.35681e+03 1.48992e+00
4.35707e+03 1.49239e+00
4.35733e+03 1.49499e+00
4.35759e+03 1.49770e+00
4.35785e+03 1.50049e+00
4.35811e+03 1.50336e+00
4.35837e+03 1.50630e+00
4.35863e+03 1.50929e+00
4.35889e+03 1.51232e+00
4.35915e+03 1.51540e+00
4.35941e+03 1.51849e+00
4.35967e+03 1.52160e+00
4.35993e+03 1.52473e+00
4.36020e+03 1.52788e+00
4.36046e+03 1.53104e+00
4.36072e+03 1.53420e+00
4.36098e+03 1.53739e+00
4.36124e+03 1.54055e+00
4.36150e+03 1.54374e+00
4.36176e+03 1.54692e+00
4.36202e+03 1.55011e+00
4.36228e+03 1.55330e+00
4.36254e+03 1.55648e+00
4.36280e+03 1.55967e+00
4.36306e+03 1.56285e+00
4.36332e+03 1.56604e+00
4.36358e+03 1.56922e+00
4.36384e+03 1.57242e+00
4.36410e+03 1.57560e+00
4.36436e+03 1.57878e+00
4.36462e+03 1.58197e+00
4.36488e+03 1.58513e+00
4.36515e+03 1.58832e+00
4.36541e+03 1.59151e+00
4.36567e+03 1.59467e+00
4.36593e+03 1.59786e+00
4.36619e+03 1.60104e+00
4.36645e+03 1.60421e+00
4.36671e+03 1.60739e+00
4.36697e+03 1.61056e+00
4.36723e+03 1.61372e+00
4.36749e+03 1.62435e+00
4.37000e+03 1.64583e+00
4.39000e+03 1.62660e+00
4.41000e+03 1.62378e+00
4.43000e+03 1.61658e+00
4.45000e+03 1.60559e+00
4.47000e+03 1.57973e+00
4.49000e+03 1.58042e+00
4.51000e+03 1.57853e+00
4.53000e+03 1.55040e+00
4.55000e+03 1.53056e+00
4.57000e+03 1.52650e+00
4.59000e+03 1.50502e+00
4.61000e+03 1.48957e+00
4.63000e+03 1.46497e+00
4.65000e+03 1.44788e+00
4.67000e+03 1.43273e+00
4.69000e+03 1.40756e+00
4.71000e+03 1.38892e+00
4.73000e+03 1.39011e+00
4.75000e+03 1.38412e+00
4.77000e+03 1.37438e+00
4.79000e+03 1.36292e+00
4.81000e+03 1.35145e+00
4.83000e+03 1.34136e+00
4.83484e+03 1.31992e+00
4.83513e+03 1.31203e+00
4.83542e+03 1.31040e+00
4.83571e+03 1.30879e+00
4.83600e+03 1.30716e+00
4.83629e+03 1.30556e+00
4.83659e+03 1.30394e+00
4.83688e+03 1.30232e+00
4.83717e+03 1.30070e+00
4.83746e+03 1.29909e+00
4.83775e+03 1.29748e+00
4.83805e+03 1.29588e+00
4.83834e+03 1.29427e+00
4.83863e+03 1.29267e+00
4.83892e+03 1.29108e+00
4.83921e+03 1.28949e+00
4.83950e+03 1.28792e+00
4.83980e+03 1.28637e+00
4.84009e+03 1.28481e+00
4.84038e+03 1.28329e+00
4.84067e+03 1.28179e+00
4.84096e+03 1.28032e+00
4.84126e+03 1.27892e+00
4.84155e+03 1.27753e+00
4.84184e+03 1.27621e+00
4.84213e+03 1.27499e+00
4.84242e+03 1.27383e+00
4.84272e+03 1.27279e+00
4.84301e+03 1.27190e+00
4.84330e+03 1.27117e+00
4.84359e+03 1.27064e+00
4.84388e+03 1.27033e+00
4.84417e+03 1.27032e+00
4.84447e+03 1.27065e+00
4.84476e+03 1.27137e+00
4.84505e+03 1.27255e+00
4.84534e+03 1.27429e+00
4.84563e+03 1.27667e+00
4.84593e+03 1.27980e+00
4.84622e+03 1.28377e+00
4.84651e+03 1.28875e+00
4.84680e+03 1.29483e+00
4.84709e+03 1.30224e+00
4.84738e+03 1.31109e+00
4.84768e+03 1.32161e+00
4.84797e+03 1.33396e+00
4.84826e+03 1.34841e+00
4.84855e+03 1.36517e+00
4.84884e+03 1.38447e+00
4.84914e+03 1.40661e+00
4.84943e+03 1.43179e+00
4.84972e+03 1.46001e+00
4.85000e+03 1.48329e+00
4.85001e+03 1.50064e+00
4.85030e+03 1.52841e+00
4.85059e+03 1.56849e+00
4.85089e+03 1.61301e+00
4.85118e+03 1.66217e+00
4.85147e+03 1.71620e+00
4.85176e+03 1.77531e+00
4.85205e+03 1.83964e+00
4.85235e+03 1.90927e+00
4.85264e+03 1.98436e+00
4.85293e+03 2.06485e+00
4.85322e+03 2.15071e+00
4.85351e+03 2.24185e+00
4.85381e+03 2.33816e+00
4.85410e+03 2.43924e+00
4.85439e+03 2.54478e+00
4.85468e+03 2.65448e+00
4.85497e+03 2.76776e+00
4.85526e+03 2.88402e+00
4.85556e+03 3.00268e+00
4.85585e+03 3.12301e+00
4.85614e+03 3.24412e+00
4.85643e+03 3.36527e+00
4.85672e+03 3.48550e+00
4.85702e+03 3.60383e+00
4.85731e+03 3.71932e+00
4.85760e+03 3.83100e+00
4.85789e+03 3.93779e+00
4.85818e+03 4.03864e+00
4.85847e+03 4.13273e+00
4.85877e+03 4.21906e+00
4.85906e+03 4.29671e+00
4.85935e+03 4.36496e+00
4.85964e+03 4.42304e+00
4.85993e+03 4.47035e+00
4.86023e+03 4.50638e+00
4.86052e+03 4.53068e+00
4.86081e+03 4.54301e+00
4.86110e+03 4.54321e+00
4.86139e+03 4.53125e+00
4.86168e+03 4.50726e+00
4.86198e+03 4.47148e+00
4.86227e+03 4.42422e+00
4.86256e+03 4.36602e+00
4.86285e+03 4.29749e+00
4.86314e+03 4.21924e+00
4.86344e+03 4.13214e+00
4.86373e+03 4.03701e+00
4.86402e+03 3.93470e+00
4.86431e+03 3.82625e+00
4.86460e+03 3.71266e+00
4.86490e+03 3.59484e+00
4.86519e+03 3.47385e+00
4.86548e+03 3.35072e+00
4.86577e+03 3.22636e+00
4.86606e+03 3.10161e+00
4.86635e+03 2.97753e+00
4.86665e+03 2.85490e+00
4.86694e+03 2.73435e+00
4.86723e+03 2.61664e+00
4.86752e+03 2.50240e+00
4.86781e+03 2.39204e+00
4.86811e+03 2.28610e+00
4.86840e+03 2.18493e+00
4.86869e+03 2.08874e+00
4.86898e+03 1.99776e+00
4.86927e+03 1.91218e+00
4.86956e+03 1.83197e+00
4.86986e+03 1.76624e+00
4.87000e+03 1.72240e+00
4.87015e+03 1.68251e+00
4.87044e+03 1.63085e+00
4.87073e+03 1.57658e+00
4.87102e+03 1.52726e+00
4.87132e+03 1.48268e+00
4.87161e+03 1.44257e+00
4.87190e+03 1.40671e+00
4.87219e+03 1.37482e+00
4.87248e+03 1.34665e+00
4.87277e+03 1.32186e+00
4.87307e+03 1.30029e+00
4.87336e+03 1.28155e+00
4.87365e+03 1.26548e+00
4.87394e+03 1.25177e+00
4.87423e+03 1.24019e+00
4.87453e+03 1.23054e+00
4.87482e+03 1.22261e+00
4.87511e+03 1.21623e+00
4.87540e+03 1.21117e+00
4.87569e+03 1.20729e+00
4.87598e+03 1.20445e+00
4.87628e+03 1.20249e+00
4.87657e+03 1.20132e+00
4.87686e+03 1.20082e+00
4.87715e+03 1.20090e+00
4.87744e+03 1.20148e+00
4.87774e+03 1.20246e+00
4.87803e+03 1.20381e+00
4.87832e+03 1.20545e+00
4.87861e+03 1.20734e+00
4.87890e+03 1.20945e+00
4.87920e+03 1.21174e+00
4.87949e+03 1.21416e+00
4.87978e+03 1.21670e+00
4.88007e+03 1.21934e+00
4.88036e+03 1.22205e+00
4.88065e+03 1.22484e+00
4.88095e+03 1.22769e+00
4.88124e+03 1.23056e+00
4.88153e+03 1.23348e+00
4.88182e+03 1.23643e+00
4.88211e+03 1.23941e+00
4.88241e+03 1.24240e+00
4.88270e+03 1.24537e+00
4.88299e+03 1.24838e+00
4.88328e+03 1.25141e+00
4.88357e+03 1.25443e+00
4.88386e+03 1.25745e+00
4.88416e+03 1.26050e+00
4.88445e+03 1.26354e+00
4.88474e+03 1.26657e+00
4.88503e+03 1.26960e+00
4.88532e+03 1.27264e+00
4.88562e+03 1.27566e+00
4.88591e+03 1.27868e+00
4.88620e+03 1.28169e+00
4.88649e+03 1.28470e+00
4.88678e+03 1.28773e+00
4.88707e+03 1.29075e+00
4.88737e+03 1.29376e+00
4.88766e+03 1.29680e+00
4.88795e+03 1.29981e+00
4.88824e+03 1.30283e+00
4.88853e+03 1.30584e+00
4.88883e+03 1.30886e+00
4.88912e+03 1.31188e+00
4.88941e+03 1.31490e+00
4.88970e+03 1.31793e+00
4.89000e+03 1.32064e+00
4.89029e+03 1.32122e+00
4.89058e+03 1.32142e+00
4.89087e+03 1.32163e+00
4.89116e+03 1.32182e+00
4.89145e+03 1.32200e+00
4.89174e+03 1.32216e+00
4.89204e+03 1.32234e+00
4.89233e+03 1.32251e+00
4.89262e+03 1.32267e+00
4.89291e+03 1.32658e+00
4.91000e+03 1.32926e+00
4.92877e+03 1.31011e+00
4.92907e+03 1.30669e+00
4.92936e+03 1.30627e+00
4.92966e+03 1.30587e+00
4.92996e+03 1.30549e+00
4.93000e+03 1.30544e+00
4.93026e+03 1.30545e+00
4.93055e+03 1.30552e+00
4.93085e+03 1.30561e+00
4.93115e+03 1.30568e+00
4.93145e+03 1.30574e+00
4.93174e+03 1.30582e+00
4.93204e+03 1.30591e+00
4.93234e+03 1.30596e+00
4.93264e+03 1.30605e+00
4.93293e+03 1.30613e+00
4.93323e+03 1.30622e+00
4.93353e+03 1.30627e+00
4.93383e+03 1.30634e+00
4.93412e+03 1.30643e+00
4.93442e+03 1.30649e+00
4.93472e+03 1.30658e+00
4.93502e+03 1.30666e+00
4.93531e+03 1.30673e+00
4.93561e+03 1.30681e+00
4.93591e+03 1.30688e+00
4.93621e+03 1.30697e+00
4.93650e+03 1.30704e+00
4.93680e+03 1.30714e+00
4.93710e+03 1.30723e+00
4.93740e+03 1.30732e+00
4.93769e+03 1.30741e+00
4.93799e+03 1.30751e+00
4.93829e+03 1.30762e+00
4.93859e+03 1.30774e+00
4.93888e+03 1.30787e+00
4.93918e+03 1.30802e+00
4.93948e+03 1.30819e+00
4.93978e+03 1.30836e+00
4.94007e+03 1.30856e+00
4.94037e+03 1.30882e+00
4.94067e+03 1.30908e+00
4.94097e+03 1.30941e+00
4.94126e+03 1.30978e+00
4.94156e+03 1.31022e+00
4.94186e+03 1.31074e+00
4.94216e+03 1.31132e+00
4.94245e+03 1.31203e+00
4.94275e+03 1.31285e+00
4.94305e+03 1.31383e+00
4.94335e+03 1.31494e+00
4.94364e+03 1.31626e+00
4.94394e+03 1.31780e+00
4.94424e+03 1.31956e+00
4.94454e+03 1.32162e+00
4.94483e+03 1.32398e+00
4.94513e+03 1.32671e+00
4.94543e+03 1.32982e+00
4.94573e+03 1.33338e+00
4.94602e+03 1.33739e+00
4.94632e+03 1.34198e+00
4.94662e+03 1.34714e+00
4.94692e+03 1.35296e+00
4.94721e+03 1.35945e+00
4.94751e+03 1.36668e+00
4.94781e+03 1.37472e+00
4.94811e+03 1.38360e+00
4.94840e+03 1.39340e+00
4.94870e+03 1.40411e+00
4.94900e+03 1.41581e+00
4.94930e+03 1.42851e+00
4.94959e+03 1.44227e+00
4.94989e+03 1.45455e+00
4.95000e+03 1.46375e+00
4.95019e+03 1.47419e+00
4.95049e+03 1.48929e+00
4.95078e+03 1.50692e+00
4.95108e+03 1.52554e+00
4.95138e+03 1.54511e+00
4.95168e+03 1.56556e+00
4.95197e+03 1.58686e+00
4.95227e+03 1.60888e+00
4.95257e+03 1.63149e+00
4.95287e+03 1.65459e+00
4.95316e+03 1.67806e+00
4.95346e+03 1.70170e+00
4.95376e+03 1.72540e+00
4.95406e+03 1.74896e+00
4.95435e+03 1.77221e+00
4.95465e+03 1.79494e+00
4.95495e+03 1.81695e+00
4.95525e+03 1.83807e+00
4.95554e+03 1.85809e+00
4.95584e+03 1.87684e+00
4.95614e+03 1.89409e+00
4.95644e+03 1.90972e+00
4.95673e+03 1.92353e+00
4.95703e+03 1.93541e+00
4.95733e+03 1.94521e+00
4.95763e+03 1.95284e+00
4.95792e+03 1.95820e+00
4.95822e+03 1.96125e+00
4.95852e+03 1.96193e+00
4.95882e+03 1.96025e+00
4.95911e+03 1.95623e+00
4.95941e+03 1.94989e+00
4.95971e+03 1.94129e+00
4.96001e+03 1.93055e+00
4.96030e+03 1.91778e+00
4.96060e+03 1.90307e+00
4.96090e+03 1.88658e+00
4.96120e+03 1.86850e+00
4.96149e+03 1.84900e+00
4.96179e+03 1.82824e+00
4.96209e+03 1.80643e+00
4.96239e+03 1.78377e+00
4.96268e+03 1.76043e+00
4.96298e+03 1.73660e+00
4.96328e+03 1.71253e+00
4.96358e+03 1.68835e+00
4.96387e+03 1.66423e+00
4.96417e+03 1.64035e+00
4.96447e+03 1.61685e+00
4.96477e+03 1.59387e+00
4.96506e+03 1.57152e+00
4.96536e+03 1.54994e+00
4.96566e+03 1.52920e+00
4.96596e+03 1.50933e+00
4.96625e+03 1.49042e+00
4.96655e+03 1.47256e+00
4.96685e+03 1.45572e+00
4.96715e+03 1.43992e+00
4.96744e+03 1.42520e+00
4.96774e+03 1.41151e+00
4.96804e+03 1.39884e+00
4.96834e+03 1.38719e+00
4.96863e+03 1.37652e+00
4.96893e+03 1.36676e+00
4.96923e+03 1.35789e+00
4.96953e+03 1.34987e+00
4.96982e+03 1.34330e+00
4.97000e+03 1.33897e+00
4.97012e+03 1.33513e+00
4.97042e+03 1.33004e+00
4.97072e+03 1.32468e+00
4.97102e+03 1.31987e+00
4.97131e+03 1.31559e+00
4.97161e+03 1.31181e+00
4.97191e+03 1.30844e+00
4.97221e+03 1.30547e+00
4.97250e+03 1.30283e+00
4.97280e+03 1.30050e+00
4.97310e+03 1.29844e+00
4.97340e+03 1.29664e+00
4.97369e+03 1.29502e+00
4.97399e+03 1.29359e+00
4.97429e+03 1.29232e+00
4.97458e+03 1.29119e+00
4.97488e+03 1.29016e+00
4.97518e+03 1.28924e+00
4.97548e+03 1.28842e+00
4.97578e+03 1.28764e+00
4.97607e+03 1.28695e+00
4.97637e+03 1.28636e+00
4.97648e+03 1.28605e+00
4.97667e+03 1.28571e+00
4.97678e+03 1.28546e+00
4.97697e+03 1.28514e+00
4.97708e+03 1.28491e+00
4.97726e+03 1.28460e+00
4.97738e+03 1.28437e+00
4.97756e+03 1.28407e+00
4.97768e+03 1.28385e+00
4.97786e+03 1.28359e+00
4.97798e+03 1.28335e+00
4.97816e+03 1.28312e+00
4.97828e+03 1.28289e+00
4.97845e+03 1.28264e+00
4.97858e+03 1.28242e+00
4.97875e+03 1.28220e+00
4.97888e+03 1.28197e+00
4.97905e+03 1.28174e+00
4.97918e+03 1.28154e+00
4.97935e+03 1.28130e+00
4.97948e+03 1.28109e+00
4.97964e+03 1.28087e+00
4.97978e+03 1.28067e+00
4.97994e+03 1.28045e+00
4.98008e+03 1.28024e+00
4.98024e+03 1.28002e+00
4.98039e+03 1.27983e+00
4.98054e+03 1.27960e+00
4.98069e+03 1.27939e+00
4.98083e+03 1.27919e+00
4.98099e+03 1.27897e+00
4.98113e+03 1.27877e+00
4.98129e+03 1.27855e+00
4.98143e+03 1.27837e+00
4.98159e+03 1.27814e+00
4.98173e+03 1.27795e+00
4.98189e+03 1.27773e+00
4.98202e+03 1.27754e+00
4.98219e+03 1.27731e+00
4.98232e+03 1.27713e+00
4.98249e+03 1.27691e+00
4.98262e+03 1.27672e+00
4.98279e+03 1.27649e+00
4.98292e+03 1.27632e+00
4.98309e+03 1.27611e+00
4.98321e+03 1.27592e+00
4.98339e+03 1.27570e+00
4.98351e+03 1.27551e+00
4.98369e+03 1.27530e+00
4.98381e+03 1.27511e+00
4.98399e+03 1.27490e+00
4.98411e+03 1.27472e+00
4.98429e+03 1.27450e+00
4.98440e+03 1.27435e+00
4.98459e+03 1.27411e+00
4.98470e+03 1.27396e+00
4.98489e+03 1.27374e+00
4.98500e+03 1.27358e+00
4.98519e+03 1.27337e+00
4.98530e+03 1.27323e+00
4.98549e+03 1.27300e+00
4.98559e+03 1.27288e+00
4.98579e+03 1.27267e+00
4.98589e+03 1.27253e+00
4.98609e+03 1.27236e+00
4.98619e+03 1.27222e+00
4.98639e+03 1.27204e+00
4.98649e+03 1.27193e+00
4.98669e+03 1.27177e+00
4.98678e+03 1.27166e+00
4.98699e+03 1.27152e+00
4.98708e+03 1.27146e+00
4.98729e+03 1.27132e+00
4.98738e+03 1.27129e+00
4.98759e+03 1.27116e+00
4.98768e+03 1.27117e+00
4.98790e+03 1.27108e+00
4.98797e+03 1.27111e+00
4.98820e+03 1.27111e+00
4.98850e+03 1.27119e+00
4.98880e+03 1.27141e+00
4.98910e+03 1.27176e+00
4.98940e+03 1.27226e+00
4.98970e+03 1.27294e+00
4.99000e+03 1.27387e+00
4.99030e+03 1.27499e+00
4.99060e+03 1.27640e+00
4.99090e+03 1.27817e+00
4.99120e+03 1.28038e+00
4.99150e+03 1.28308e+00
4.99180e+03 1.28635e+00
4.99210e+03 1.29028e+00
4.99240e+03 1.29493e+00
4.99270e+03 1.30046e+00
4.99300e+03 1.30692e+00
4.99330e+03 1.31446e+00
4.99360e+03 1.32320e+00
4.99390e+03 1.33328e+00
4.99420e+03 1.34485e+00
4.99450e+03 1.35803e+00
4.99480e+03 1.37301e+00
4.99510e+03 1.38993e+00
4.99541e+03 1.40896e+00
4.99571e+03 1.43025e+00
4.99601e+03 1.45397e+00
4.99631e+03 1.48026e+00
4.99661e+03 1.50928e+00
4.99691e+03 1.54118e+00
4.99721e+03 1.57603e+00
4.99751e+03 1.61394e+00
4.99781e+03 1.65500e+00
4.99811e+03 1.69926e+00
4.99841e+03 1.74674e+00
4.99871e+03 1.79743e+00
4.99901e+03 1.85120e+00
4.99931e+03 1.90802e+00
4.99961e+03 1.96777e+00
4.99991e+03 2.03025e+00
5.00021e+03 2.09520e+00
5.00051e+03 2.16228e+00
5.00081e+03 2.23125e+00
5.00111e+03 2.30174e+00
5.00141e+03 2.37337e+00
5.00171e+03 2.44553e+00
5.00201e+03 2.51779e+00
5.00231e+03 2.58962e+00
5.00261e+03 2.66049e+00
5.00292e+03 2.72986e+00
5.00322e+03 2.79704e+00
5.00352e+03 2.86144e+00
5.00382e+03 2.92252e+00
5.00412e+03 2.97971e+00
5.00442e+03 3.03244e+00
5.00472e+03 3.08018e+00
5.00502e+03 3.12240e+00
5.00532e+03 3.15873e+00
5.00562e+03 3.18878e+00
5.00592e+03 3.21219e+00
5.00622e+03 3.22872e+00
5.00652e+03 3.23822e+00
5.00682e+03 3.24055e+00
5.00712e+03 3.23568e+00
5.00742e+03 3.22365e+00
5.00772e+03 3.20460e+00
5.00802e+03 3.17875e+00
5.00832e+03 3.14636e+00
5.00862e+03 3.10771e+00
5.00892e+03 3.06324e+00
5.00922e+03 3.01340e+00
5.00952e+03 2.95868e+00
5.00982e+03 2.90600e+00
5.01000e+03 2.86595e+00
5.01012e+03 2.82772e+00
5.01042e+03 2.77145e+00
5.01073e+03 2.70329e+00
5.01103e+03 2.63317e+00
5.01133e+03 2.56160e+00
5.01163e+03 2.48913e+00
5.01193e+03 2.41636e+00
5.01223e+03 2.34382e+00
5.01253e+03 2.27206e+00
5.01283e+03 2.20143e+00
5.01313e+03 2.13236e+00
5.01343e+03 2.06521e+00
5.01373e+03 2.00032e+00
5.01403e+03 1.93802e+00
5.01433e+03 1.87848e+00
5.01463e+03 1.82183e+00
5.01493e+03 1.76823e+00
5.01523e+03 1.71781e+00
5.01553e+03 1.67057e+00
5.01583e+03 1.62657e+00
5.01613e+03 1.58573e+00
5.01643e+03 1.54801e+00
5.01673e+03 1.51337e+00
5.01703e+03 1.48168e+00
5.01733e+03 1.45281e+00
5.01763e+03 1.42664e+00
5.01793e+03 1.40298e+00
5.01823e+03 1.38174e+00
5.01854e+03 1.36273e+00
5.01884e+03 1.34581e+00
5.01914e+03 1.33078e+00
5.01944e+03 1.31749e+00
5.01974e+03 1.30580e+00
5.02004e+03 1.29559e+00
5.02034e+03 1.28665e+00
5.02064e+03 1.27892e+00
5.02094e+03 1.27220e+00
5.02124e+03 1.26642e+00
5.02154e+03 1.26147e+00
5.02184e+03 1.25726e+00
5.02214e+03 1.25367e+00
5.02244e+03 1.25063e+00
5.02274e+03 1.24809e+00
5.02304e+03 1.24593e+00
5.02334e+03 1.24415e+00
5.02364e+03 1.24266e+00
5.02394e+03 1.24144e+00
5.02424e+03 1.24044e+00
5.02454e+03 1.23962e+00
5.02484e+03 1.23895e+00
5.02514e+03 1.23843e+00
5.02544e+03 1.23800e+00
5.02574e+03 1.23767e+00
5.02604e+03 1.23741e+00
5.02635e+03 1.23721e+00
5.02665e+03 1.23706e+00
5.02695e+03 1.23695e+00
5.02725e+03 1.23689e+00
5.02755e+03 1.23684e+00
5.02785e+03 1.23682e+00
5.02815e+03 1.23681e+00
5.02845e+03 1.23682e+00
5.02875e+03 1.23684e+00
5.02905e+03 1.23687e+00
5.02935e+03 1.23690e+00
5.02965e+03 1.23693e+00
5.02995e+03 1.23694e+00
5.03000e+03 1.23696e+00
5.03025e+03 1.23673e+00
5.03055e+03 1.23641e+00
5.03085e+03 1.23612e+00
5.03115e+03 1.23580e+00
5.03145e+03 1.23550e+00
5.03175e+03 1.23518e+00
5.03205e+03 1.23489e+00
5.03235e+03 1.23459e+00
5.03265e+03 1.23429e+00
5.03295e+03 1.23399e+00
5.03325e+03 1.23367e+00
5.03355e+03 1.23338e+00
5.03385e+03 1.23309e+00
5.03416e+03 1.23277e+00
5.03446e+03 1.23249e+00
5.03476e+03 1.23216e+00
5.03506e+03 1.23187e+00
5.03536e+03 1.23157e+00
5.03566e+03 1.23127e+00
5.03596e+03 1.23098e+00
5.03626e+03 1.22941e+00
5.05000e+03 1.22183e+00
5.07000e+03 1.22189e+00
5.09000e+03 1.20940e+00
5.11000e+03 1.20136e+00
5.13000e+03 1.18844e+00
5.15000e+03 1.17557e+00
5.17000e+03 1.16292e+00
5.19000e+03 1.15638e+00
5.21000e+03 1.14914e+00
5.23000e+03 1.14352e+00
5.25000e+03 1.13546e+00
5.27000e+03 1.11462e+00
5.29000e+03 1.11818e+00
5.31000e+03 1.11393e+00
5.33000e+03 1.09783e+00
5.35000e+03 1.09979e+00
5.37000e+03 1.09469e+00
5.39000e+03 1.08417e+00
5.41000e+03 1.07366e+00
5.43000e+03 1.07059e+00
5.45000e+03 1.06741e+00
5.47000e+03 1.05469e+00
5.49000e+03 1.04514e+00
5.51000e+03 1.03519e+00
5.53000e+03 1.02932e+00
5.55000e+03 1.02241e+00
5.57000e+03 1.01155e+00
5.59000e+03 1.00141e+00
5.61000e+03 9.97743e-01
5.63000e+03 9.88839e-01
5.65000e+03 9.80767e-01
5.67000e+03 9.70483e-01
5.69000e+03 9.63238e-01
5.71000e+03 9.47871e-01
5.73000e+03 9.47070e-01
5.75000e+03 9.35525e-01
5.77000e+03 9.28576e-01
5.79000e+03 9.18506e-01
5.81000e+03 9.18623e-01
5.83000e+03 9.16419e-01
5.85000e+03 9.06030e-01
5.87000e+03 8.92518e-01
5.89000e+03 8.85298e-01
5.91000e+03 8.88415e-01
5.93000e+03 8.84554e-01
5.95000e+03 8.78617e-01
5.97000e+03 8.75336e-01
5.99000e+03 8.66881e-01
6.01000e+03 8.59279e-01
6.03000e+03 8.54652e-01
6.05000e+03 8.48986e-01
6.07000e+03 8.40325e-01
6.09000e+03 8.28601e-01
6.11000e+03 8.20083e-01
6.13000e+03 8.07607e-01
6.15000e+03 8.01235e-01
6.17000e+03 7.92011e-01
6.19000e+03 7.89805e-01
6.21000e+03 7.81443e-01
6.23000e+03 7.68907e-01
6.25000e+03 7.58476e-01
6.27000e+03 7.58219e-01
6.29000e+03 7.54226e-01
6.31000e+03 7.42810e-01
6.33000e+03 7.38633e-01
6.35000e+03 7.33645e-01
6.37000e+03 7.30493e-01
6.39000e+03 7.30742e-01
6.41000e+03 7.26870e-01
6.43000e+03 7.25725e-01
6.45000e+03 7.23278e-01
6.47000e+03 7.20544e-01
6.49000e+03 7.15047e-01
6.51000e+03 7.14736e-01
6.52364e+03 7.11226e-01
6.52404e+03 7.10273e-01
6.52443e+03 7.10119e-01
6.52482e+03 7.09964e-01
6.52522e+03 7.09811e-01
6.52561e+03 7.09656e-01
6.52600e+03 7.09501e-01
6.52640e+03 7.09347e-01
6.52679e+03 7.09192e-01
6.52719e+03 7.09040e-01
6.52758e+03 7.08886e-01
6.52797e+03 7.08733e-01
6.52837e+03 7.08580e-01
6.52876e+03 7.08427e-01
6.52915e+03 7.08277e-01
6.52955e+03 7.08128e-01
6.52994e+03 7.07998e-01
6.53000e+03 7.07857e-01
6.53034e+03 7.07407e-01
6.53073e+03 7.06807e-01
6.53112e+03 7.06191e-01
6.53152e+03 7.05579e-01
6.53191e+03 7.04976e-01
6.53230e+03 7.04378e-01
6.53270e+03 7.03792e-01
6.53309e+03 7.03221e-01
6.53349e+03 7.02666e-01
6.53388e+03 7.02133e-01
6.53427e+03 7.01630e-01
6.53467e+03 7.01163e-01
6.53506e+03 7.00741e-01
6.53546e+03 7.00375e-01
6.53585e+03 7.00080e-01
6.53624e+03 6.99874e-01
6.53664e+03 6.99778e-01
6.53703e+03 6.99816e-01
6.53742e+03 7.00020e-01
6.53782e+03 7.00428e-01
6.53821e+03 7.01085e-01
6.53860e+03 7.02042e-01
6.53900e+03 7.03363e-01
6.53939e+03 7.05122e-01
6.53979e+03 7.07407e-01
6.54018e+03 7.10320e-01
6.54057e+03 7.13979e-01
6.54097e+03 7.18520e-01
6.54136e+03 7.24101e-01
6.54176e+03 7.30898e-01
6.54215e+03 7.39120e-01
6.54254e+03 7.48999e-01
6.54294e+03 7.60795e-01
6.54333e+03 7.74797e-01
6.54372e+03 7.91330e-01
6.54412e+03 8.10752e-01
6.54451e+03 8.33452e-01
6.54491e+03 8.59861e-01
6.54530e+03 8.90433e-01
6.54569e+03 9.25665e-01
6.54609e+03 9.66093e-01
6.54648e+03 1.01227e+00
6.54687e+03 1.06475e+00
6.54727e+03 1.12420e+00
6.54766e+03 1.19120e+00
6.54806e+03 1.26640e+00
6.54845e+03 1.35042e+00
6.54884e+03 1.44388e+00
6.54924e+03 1.54739e+00
6.54963e+03 1.65956e+00
6.55000e+03 1.74997e+00
6.55002e+03 1.81720e+00
6.55042e+03 1.92286e+00
6.55081e+03 2.07104e+00
6.55121e+03 2.23144e+00
6.55160e+03 2.40434e+00
6.55199e+03 2.58975e+00
6.55239e+03 2.78763e+00
6.55278e+03 2.99768e+00
6.55317e+03 3.21959e+00
6.55357e+03 3.45293e+00
6.55396e+03 3.69686e+00
6.55436e+03 3.95052e+00
6.55475e+03 4.21278e+00
6.55514e+03 4.48241e+00
6.55554e+03 4.75790e+00
6.55593e+03 5.03766e+00
6.55633e+03 5.31985e+00
6.55672e+03 5.60254e+00
6.55711e+03 5.88370e+00
6.55751e+03 6.16112e+00
6.55790e+03 6.43246e+00
6.55829e+03 6.69550e+00
6.55869e+03 6.94805e+00
6.55908e+03 7.18766e+00
6.55948e+03 7.41210e+00
6.55987e+03 7.61921e+00
6.56026e+03 7.80690e+00
6.56066e+03 7.97330e+00
6.56105e+03 8.11669e+00
6.56144e+03 8.23553e+00
6.56184e+03 8.32861e+00
6.56223e+03 8.39492e+00
6.56263e+03 8.43371e+00
6.56302e+03 8.44456e+00
6.56341e+03 8.42738e+00
6.56381e+03 8.38228e+00
6.56420e+03 8.30977e+00
6.56459e+03 8.21059e+00
6.56499e+03 8.08580e+00
6.56538e+03 7.93667e+00
6.56578e+03 7.76476e+00
6.56617e+03 7.57179e+00
6.56656e+03 7.35971e+00
6.56696e+03 7.13057e+00
6.56735e+03 6.88656e+00
6.56775e+03 6.62996e+00
6.56814e+03 6.36315e+00
6.56853e+03 6.08835e+00
6.56893e+03 5.80782e+00
6.56932e+03 5.52386e+00
6.56971e+03 5.25805e+00
6.57000e+03 5.06393e+00
6.57011e+03 4.90390e+00
6.57050e+03 4.67599e+00
6.57090e+03 4.40154e+00
6.57129e+03 4.13317e+00
6.57168e+03 3.87234e+00
6.57208e+03 3.62027e+00
6.57247e+03 3.37807e+00
6.57286e+03 3.14657e+00
6.57326e+03 2.92659e+00
6.57365e+03 2.71851e+00
6.57405e+03 2.52267e+00
6.57444e+03 2.33932e+00
6.57483e+03 2.16847e+00
6.57523e+03 2.01005e+00
6.57562e+03 1.86387e+00
6.57601e+03 1.72962e+00
6.57641e+03 1.60689e+00
6.57680e+03 1.49520e+00
6.57720e+03 1.39406e+00
6.57759e+03 1.30286e+00
6.57798e+03 1.22102e+00
6.57838e+03 1.14791e+00
6.57877e+03 1.08292e+00
6.57916e+03 1.02540e+00
6.57956e+03 9.74748e-01
6.57995e+03 9.30325e-01
6.58035e+03 8.91574e-01
6.58074e+03 8.57942e-01
6.58113e+03 8.28901e-01
6.58153e+03 8.03964e-01
6.58192e+03 7.82672e-01
6.58231e+03 7.64601e-01
6.58271e+03 7.49368e-01
6.58310e+03 7.36615e-01
6.58350e+03 7.26017e-01
6.58389e+03 7.17297e-01
6.58428e+03 7.10202e-01
6.58468e+03 7.04499e-01
6.58507e+03 6.99989e-01
6.58546e+03 6.96495e-01
6.58586e+03 6.93863e-01
6.58625e+03 6.91958e-01
6.58665e+03 6.90665e-01
6.58704e+03 6.89886e-01
6.58743e+03 6.89533e-01
6.58783e+03 6.89534e-01
6.58822e+03 6.89828e-01
6.58862e+03 6.90363e-01
6.58901e+03 6.91097e-01
6.58940e+03 6.91991e-01
6.58980e+03 6.92873e-01
6.59000e+03 6.93493e-01
6.59019e+03 6.93440e-01
6.59058e+03 6.93266e-01
6.59098e+03 6.93136e-01
6.59137e+03 6.93063e-01
6.59177e+03 6.93033e-01
6.59216e+03 6.93038e-01
6.59255e+03 6.93069e-01
6.59295e+03 6.93124e-01
6.59334e+03 6.93194e-01
6.59373e+03 6.93279e-01
6.59413e+03 6.93372e-01
6.59452e+03 6.93474e-01
6.59492e+03 6.93581e-01
6.59531e+03 6.93696e-01
6.59570e+03 6.93811e-01
6.59610e+03 6.93931e-01
6.59649e+03 6.94051e-01
6.59688e+03 6.94174e-01
6.59728e+03 6.94297e-01
6.59767e+03 6.94421e-01
6.59807e+03 6.94546e-01
6.59846e+03 6.94673e-01
6.59885e+03 6.94799e-01
6.59925e+03 6.94924e-01
6.59964e+03 6.95052e-01
6.60004e+03 6.95178e-01
6.60043e+03 6.95306e-01
6.60082e+03 6.95431e-01
6.60122e+03 6.95559e-01
6.60161e+03 6.95685e-01
6.60200e+03 6.96779e-01
6.61000e+03 6.98338e-01
6.63000e+03 6.95927e-01
6.65000e+03 6.92195e-01
6.67000e+03 6.85104e-01
6.69000e+03 6.82566e-01
6.71000e+03 6.78246e-01
6.73000e+03 6.77895e-01
6.75000e+03 6.73848e-01
6.77000e+03 6.71741e-01
6.79000e+03 6.68051e-01
6.81000e+03 6.66365e-01
6.83000e+03 6.64860e-01
6.85000e+03 6.60226e-01
6.87000e+03 6.59674e-01
6.89000e+03 6.59219e-01
6.91000e+03 6.56934e-01
6.93000e+03 6.53436e-01
6.95000e+03 6.50493e-01
6.97000e+03 6.50040e-01
6.99000e+03 6.47082e-01
7.01000e+03 6.43042e-01
7.03000e+03 6.43614e-01
7.05000e+03 6.42622e-01
7.07000e+03 6.35645e-01
7.09000e+03 6.31805e-01
7.11000e+03 6.25862e-01
7.13000e+03 6.20176e-01
7.15000e+03 6.16219e-01
7.17000e+03 6.12577e-01
7.19000e+03 6.06476e-01
7.21000e+03 6.05016e-01
7.23000e+03 6.03285e-01
7.25000e+03 6.00488e-01
7.27000e+03 5.96079e-01
7.29000e+03 5.89510e-01
7.31000e+03 5.88435e-01
7.33000e+03 5.85784e-01
7.35000e+03 5.82523e-01
7.37000e+03 5.81190e-01
7.39000e+03 5.75037e-01
7.41000e+03 5.70299e-01
7.43000e+03 5.68308e-01
7.45000e+03 5.65190e-01
7.47000e+03 5.62151e-01
7.49000e+03 5.58471e-01
7.51000e+03 5.56773e-01
7.53000e+03 5.56172e-01
7.55000e+03 5.54886e-01
7.57000e+03 5.51960e-01
7.59000e+03 5.48024e-01
7.61000e+03 5.45382e-01
7.63000e+03 5.42378e-01
7.65000e+03 5.38593e-01
7.67000e+03 5.32974e-01
7.69000e+03 5.33356e-01
7.71000e+03 5.30378e-01
7.73000e+03 5.28815e-01
7.75000e+03 5.27043e-01
7.77000e+03 5.26154e-01
7.79000e+03 5.26111e-01
7.81000e+03 5.23930e-01
7.83000e+03 5.20198e-01
7.85000e+03 5.15387e-01
7.87000e+03 5.11831e-01
7.89000e+03 5.04767e-01
7.91000e+03 4.98217e-01
7.93000e+03 4.94646e-01
7.95000e+03 4.90151e-01
7.97000e+03 4.90484e-01
7.99000e+03 4.87389e-01
8.01000e+03 4.84895e-01
8.03000e+03 4.81860e-01
8.05000e+03 4.78126e-01
8.07000e+03 4.74916e-01
8.09000e+03 4.70166e-01
8.11000e+03 4.67857e-01
8.13000e+03 4.68168e-01
8.15000e+03 4.67443e-01
8.17000e+03 4.67117e-01
8.19000e+03 4.61647e-01
8.21000e+03 4.50022e-01
8.23000e+03 4.47702e-01
8.25000e+03 4.47046e-01
8.27000e+03 4.46534e-01
8.29000e+03 4.43320e-01
8.31000e+03 4.37468e-01
8.33000e+03 4.34977e-01
8.35000e+03 4.33554e-01
8.37000e+03 4.32176e-01
8.39000e+03 4.28858e-01
8.41000e+03 4.30071e-01
8.43000e+03 4.25236e-01
8.45000e+03 4.20550e-01
8.47000e+03 4.17438e-01
8.49000e+03 4.18729e-01
8.51000e+03 4.09592e-01
8.53000e+03 4.14543e-01
8.55000e+03 4.01109e-01
8.57000e+03 4.16484e-01
8.59000e+03 4.08059e-01
8.61000e+03 4.06542e-01
8.63000e+03 4.17073e-01
8.65000e+03 4.08960e-01
8.67000e+03 3.86998e-01
8.69000e+03 4.05469e-01
8.71000e+03 4.13134e-01
8.73000e+03 4.04641e-01
8.75000e+03 3.84852e-01
8.77000e+03 3.97813e-01
8.79000e+03 4.07379e-01
8.81000e+03 4.05617e-01
8.83000e+03 4.01018e-01
8.85000e+03 3.86024e-01
8.87000e+03 3.69475e-01
8.89000e+03 3.86276e-01
8.91000e+03 3.92963e-01
8.93000e+03 3.90522e-01
8.95000e+03 3.88716e-01
8.97000e+03 3.85566e-01
8.99000e+03 3.76027e-01
9.01000e+03 3.54978e-01
9.03000e+03 3.63996e-01
9.05000e+03 3.79682e-01
9.07000e+03 3.82499e-01
9.09000e+03 3.80810e-01
9.11000e+03 3.82106e-01
9.13000e+03 3.83440e-01
9.15000e+03 3.81724e-01
9.17000e+03 3.79725e-01
9.19000e+03 3.76708e-01
9.21000e+03 3.61937e-01
9.23000e+03 3.41346e-01
9.25000e+03 3.54127e-01
9.27000e+03 3.63156e-01
9.29000e+03 3.64805e-01
9.31000e+03 3.65191e-01
9.33000e+03 3.64727e-01
9.35000e+03 3.62693e-01
9.37000e+03 3.60407e-01
9.39000e+03 3.60609e-01
9.41000e+03 3.57593e-01
9.43000e+03 3.58342e-01
9.45000e+03 3.55697e-01
9.47000e+03 3.55493e-01
9.49000e+03 3.53096e-01
9.51000e+03 3.46150e-01
9.53000e+03 3.35352e-01
9.55000e+03 3.19230e-01
9.57000e+03 3.33471e-01
9.59000e+03 3.41375e-01
9.61000e+03 3.40487e-01
9.63000e+03 3.39159e-01
9.65000e+03 3.36578e-01
9.67000e+03 3.34882e-01
9.69000e+03 3.34425e-01
9.71000e+03 3.30959e-01
9.73000e+03 3.27835e-01
9.75000e+03 3.25579e-01
9.77000e+03 3.24063e-01
9.79000e+03 3.21873e-01
9.81000e+03 3.22371e-01
9.83000e+03 3.20391e-01
9.85000e+03 3.19242e-01
9.87000e+03 3.17215e-01
9.89000e+03 3.15442e-01
9.91000e+03 3.13855e-01
9.93000e+03 3.13032e-01
9.95000e+03 3.11941e-01
9.97000e+03 3.10481e-01
9.99000e+03 3.07196e-01
1.00250e+04 2.98692e-01
1.00750e+04 2.92954e-01
1.01250e+04 2.97866e-01
1.01750e+04 2.96628e-01
1.02250e+04 2.94868e-01
1.02750e+04 2.93381e-01
1.03250e+04 2.90312e-01
1.03750e+04 2.87967e-01
1.04250e+04 2.86277e-01
1.04750e+04 2.82853e-01
1.05250e+04 2.79370e-01
1.05750e+04 2.75261e-01
1.06250e+04 2.72103e-01
1.06750e+04 2.69679e-01
1.07250e+04 2.68931e-01
1.07750e+04 2.66434e-01
1.08250e+04 2.62885e-01
1.08750e+04 2.58887e-01
1.09250e+04 2.49722e-01
1.09750e+04 2.51559e-01
1.10250e+04 2.52800e-01
1.10750e+04 2.50433e-01
1.11250e+04 2.48533e-01
1.11750e+04 2.46438e-01
1.12250e+04 2.44741e-01
1.12750e+04 2.42208e-01
1.13250e+04 2.40338e-01
1.13750e+04 2.38432e-01
1.14250e+04 2.35917e-01
1.14750e+04 2.34596e-01
1.15250e+04 2.31936e-01
1.15750e+04 2.28501e-01
1.16250e+04 2.24740e-01
1.16750e+04 2.22385e-01
1.17250e+04 2.20301e-01
1.17750e+04 2.16316e-01
1.18250e+04 2.12973e-01
1.18750e+04 2.09523e-01
1.19250e+04 2.08121e-01
1.19750e+04 2.04376e-01
1.20250e+04 2.03702e-01
1.20750e+04 2.02594e-01
1.21250e+04 2.02356e-01
1.21750e+04 2.02201e-01
1.22250e+04 2.01440e-01
1.22750e+04 2.00613e-01
1.23250e+04 1.99825e-01
1.23750e+04 1.99275e-01
1.24250e+04 1.98131e-01
1.24750e+04 1.97342e-01
1.25250e+04 1.96404e-01
1.25750e+04 1.95756e-01
1.26250e+04 1.95118e-01
1.26750e+04 1.94349e-01
1.27250e+04 1.93234e-01
1.27750e+04 1.89762e-01
1.28250e+04 1.82639e-01
1.28750e+04 1.86209e-01
1.29250e+04 1.85939e-01
1.29750e+04 1.85212e-01
1.30250e+04 1.83384e-01
1.30750e+04 1.81958e-01
1.31250e+04 1.79353e-01
1.31750e+04 1.77472e-01
1.32250e+04 1.75820e-01
1.32750e+04 1.73365e-01
1.33250e+04 1.71971e-01
1.33750e+04 1.70028e-01
1.34250e+04 1.68731e-01
1.34750e+04 1.66936e-01
1.35250e+04 1.65066e-01
1.35750e+04 1.62730e-01
1.36250e+04 1.61233e-01
1.36750e+04 1.60347e-01
1.37250e+04 1.59350e-01
1.37750e+04 1.58091e-01
1.38250e+04 1.56886e-01
1.38750e+04 1.54748e-01
1.39250e+04 1.51153e-01
1.39750e+04 1.49223e-01
1.40250e+04 1.47460e-01
1.40750e+04 1.46642e-01
1.41250e+04 1.45113e-01
1.41750e+04 1.44369e-01
1.42250e+04 1.42645e-01
1.42750e+04 1.41016e-01
1.43250e+04 1.40890e-01
1.43750e+04 1.40086e-01
1.44250e+04 1.37979e-01
1.44750e+04 1.37862e-01
1.45250e+04 1.36632e-01
1.45700e+04 1.35868e-01
1.46200e+04 1.33345e-01
1.46750e+04 1.31891e-01
1.47250e+04 1.30440e-01
1.47750e+04 1.29878e-01
1.48250e+04 1.29224e-01
1.48750e+04 1.28286e-01
1.49250e+04 1.28401e-01
1.49750e+04 1.27246e-01
1.50250e+04 1.26096e-01
1.50750e+04 1.25131e-01
1.51250e+04 1.25192e-01
1.51750e+04 1.24781e-01
1.52250e+04 1.24234e-01
1.52750e+04 1.23660e-01
1.53250e+04 1.22901e-01
1.53750e+04 1.22421e-01
1.54250e+04 1.21230e-01
1.54750e+04 1.21065e-01
1.55250e+04 1.19814e-01
1.55750e+04 1.16912e-01
1.56250e+04 1.17173e-01
1.56750e+04 1.16721e-01
1.57250e+04 1.16668e-01
1.57750e+04 1.13741e-01
1.58250e+04 1.12534e-01
1.58750e+04 1.11422e-01
1.59250e+04 1.13321e-01
1.59750e+04 1.12563e-01
1.60500e+04 1.12806e-01
1.61500e+04 1.12208e-01
1.62500e+04 1.11274e-01
1.63500e+04 1.10772e-01
1.64500e+04 1.08116e-01
1.65500e+04 1.08707e-01
1.66500e+04 1.07380e-01
1.67500e+04 1.05501e-01
1.68500e+04 1.03590e-01
1.69500e+04 1.03615e-01
1.70500e+04 1.02130e-01
1.71500e+04 1.00501e-01
1.72500e+04 9.79159e-02
1.73500e+04 9.45420e-02
1.74500e+04 9.34532e-02
1.75500e+04 9.17734e-02
1.76500e+04 8.95444e-02
1.77500e+04 8.71720e-02
1.78500e+04 8.51152e-02
1.79500e+04 8.27629e-02
1.80500e+04 8.03561e-02
1.81500e+04 7.78090e-02
1.82500e+04 7.69665e-02
1.83500e+04 7.59759e-02
1.84500e+04 7.43961e-02
1.85500e+04 7.29430e-02
1.86500e+04 7.08248e-02
1.87500e+04 6.86505e-02
1.88500e+04 6.85666e-02
1.89500e+04 6.72614e-02
1.90500e+04 6.69589e-02
1.91500e+04 6.60069e-02
1.92500e+04 6.49917e-02
1.93500e+04 6.34388e-02
1.94500e+04 6.14550e-02
1.95500e+04 6.12968e-02
1.96500e+04 6.03604e-02
1.97500e+04 5.91323e-02
1.98500e+04 5.82220e-02
1.99500e+04 5.74240e-02
2.00500e+04 5.67722e-02
2.01500e+04 5.59515e-02
2.02500e+04 5.49189e-02
2.03500e+04 5.42624e-02
2.04500e+04 5.38622e-02
2.05500e+04 5.31398e-02
2.06500e+04 5.24376e-02
2.07500e+04 5.18384e-02
2.08500e+04 5.11397e-02
2.09500e+04 5.04436e-02
2.10500e+04 4.99967e-02
2.11500e+04 4.92508e-02
2.12500e+04 4.86019e-02
2.13500e+04 4.81449e-02
2.14500e+04 4.74822e-02
2.15500e+04 4.66246e-02
2.16500e+04 4.53817e-02
2.17500e+04 4.51054e-02
2.18500e+04 4.46898e-02
2.19500e+04 4.40868e-02
2.20500e+04 4.32919e-02
2.21500e+04 4.28156e-02
2.22500e+04 4.20205e-02
2.23500e+04 4.13943e-02
2.24500e+04 4.08211e-02
2.25500e+04 4.02181e-02
2.26500e+04 3.95721e-02
2.27500e+04 3.91251e-02
2.28500e+04 3.78940e-02
2.29500e+04 3.50562e-02
2.30500e+04 3.53865e-02
2.31500e+04 3.48321e-02
2.32500e+04 3.25554e-02
2.33500e+04 3.29058e-02
2.34500e+04 3.19564e-02
2.35500e+04 3.02549e-02
2.36500e+04 3.07545e-02
2.37500e+04 2.99451e-02
2.38500e+04 2.85777e-02
2.39500e+04 2.88955e-02
2.40500e+04 2.83314e-02
2.41500e+04 2.70731e-02
2.42500e+04 2.71469e-02
2.43500e+04 2.65834e-02
2.44500e+04 2.56200e-02
2.45500e+04 2.51847e-02
2.46500e+04 2.49948e-02
2.47500e+04 2.42454e-02
2.48500e+04 2.32732e-02
2.49500e+04 2.30243e-02
2.50500e+04 2.29959e-02
2.51500e+04 2.21396e-02
2.52500e+04 2.20837e-02
2.53500e+04 2.19582e-02
2.54500e+04 2.16215e-02
2.55500e+04 2.13293e-02
2.56500e+04 2.11549e-02
2.57500e+04 2.11282e-02
2.58500e+04 2.06748e-02
2.59500e+04 2.05721e-02
2.60500e+04 2.04626e-02
2.61500e+04 2.00147e-02
2.62500e+04 1.96273e-02
2.63500e+04 1.97475e-02
2.64500e+04 1.96355e-02
2.65500e+04 1.93581e-02
2.66500e+04 1.90345e-02
2.67500e+04 1.89656e-02
2.68500e+04 1.88445e-02
2.69500e+04 1.85280e-02
2.70500e+04 1.84569e-02
2.71500e+04 1.82833e-02
2.72500e+04 1.81374e-02
2.73500e+04 1.78013e-02
2.74500e+04 1.76668e-02
2.75500e+04 1.74291e-02
2.76500e+04 1.72407e-02
2.77500e+04 1.70418e-02
2.78500e+04 1.69748e-02
2.79500e+04 1.68602e-02
2.80500e+04 1.66591e-02
2.81500e+04 1.64290e-02
2.82500e+04 1.63117e-02
2.83500e+04 1.61861e-02
2.84500e+04 1.60120e-02
2.85500e+04 1.58095e-02
2.86500e+04 1.55905e-02
2.87500e+04 1.53310e-02
2.88500e+04 1.52732e-02
2.89500e+04 1.51545e-02
2.90500e+04 1.50064e-02
2.91500e+04 1.48480e-02
2.92500e+04 1.46438e-02
2.93500e+04 1.45479e-02
2.94500e+04 1.43634e-02
2.95500e+04 1.42175e-02
2.96500e+04 1.40993e-02
2.97500e+04 1.39440e-02
2.98500e+04 1.37826e-02
2.99500e+04 1.36459e-02
3.00500e+04 1.35018e-02
3.01500e+04 1.33860e-02
3.02500e+04 1.32078e-02
3.03500e+04 1.29760e-02
3.04500e+04 1.29298e-02
3.05500e+04 1.28552e-02
3.06500e+04 1.27551e-02
3.07500e+04 1.26550e-02
3.08500e+04 1.25279e-02
3.09500e+04 1.24352e-02
3.10500e+04 1.23427e-02
3.11500e+04 1.21934e-02
3.12500e+04 1.21027e-02
3.13500e+04 1.19932e-02
3.14500e+04 1.18862e-02
3.15500e+04 1.17771e-02
3.16500e+04 1.16596e-02
3.17500e+04 1.15640e-02
3.18500e+04 1.14648e-02
3.19500e+04 1.13702e-02
3.21000e+04 1.12182e-02
3.23000e+04 1.10241e-02
3.25000e+04 1.08369e-02
3.27000e+04 1.06125e-02
3.29000e+04 1.03142e-02
3.31000e+04 1.01660e-02
3.33000e+04 1.00122e-02
3.35000e+04 9.84315e-03
3.37000e+04 9.65568e-03
3.39000e+04 9.47476e-03
3.41000e+04 9.29439e-03
3.43000e+04 9.13089e-03
3.45000e+04 8.96416e-03
3.47000e+04 8.79391e-03
3.49000e+04 8.63151e-03
3.51000e+04 8.47396e-03
3.53000e+04 8.30558e-03
3.55000e+04 8.15316e-03
3.57000e+04 7.99715e-03
3.59000e+04 7.84805e-03
3.61000e+04 7.71390e-03
3.63000e+04 7.56634e-03
3.65000e+04 7.41371e-03
3.67000e+04 7.27267e-03
3.69000e+04 7.11955e-03
3.71000e+04 6.98310e-03
3.73000e+04 6.84213e-03
3.75000e+04 6.68873e-03
3.77000e+04 6.60163e-03
3.79000e+04 6.48248e-03
3.81000e+04 6.36857e-03
3.83000e+04 6.25697e-03
3.85000e+04 6.14639e-03
3.87000e+04 6.02324e-03
3.89000e+04 5.91068e-03
3.91000e+04 5.79663e-03
3.93000e+04 5.70081e-03
3.95000e+04 5.58578e-03
3.97000e+04 5.48584e-03
3.99000e+04 5.37384e-03
4.01000e+04 5.28141e-03
4.03000e+04 5.18511e-03
4.05000e+04 5.06862e-03
4.07000e+04 5.00570e-03
4.09000e+04 4.92569e-03
4.11000e+04 4.84471e-03
4.13000e+04 4.75984e-03
4.15000e+04 4.66770e-03
4.17000e+04 4.57322e-03
4.19000e+04 4.50939e-03
4.21000e+04 4.43183e-03
4.23000e+04 4.36369e-03
4.25000e+04 4.28552e-03
4.27000e+04 4.20523e-03
4.29000e+04 4.04932e-03
4.31000e+04 3.90824e-03
4.33000e+04 3.85922e-03
4.35000e+04 3.73196e-03
4.37000e+04 3.63210e-03
4.39000e+04 3.55874e-03
4.41000e+04 3.45050e-03
4.43000e+04 3.39643e-03
4.45000e+04 3.32685e-03
4.47000e+04 3.23042e-03
4.49000e+04 3.19850e-03
4.51000e+04 3.13123e-03
4.53000e+04 3.06206e-03
4.55000e+04 3.03497e-03
4.57000e+04 2.99031e-03
4.59000e+04 2.91850e-03
4.61000e+04 2.89709e-03
4.63000e+04 2.84466e-03
4.65000e+04 2.78801e-03
4.67000e+04 2.76352e-03
4.69000e+04 2.73025e-03
4.71000e+04 2.68932e-03
4.73000e+04 2.66913e-03
4.75000e+04 2.62515e-03
4.77000e+04 2.59018e-03
4.79000e+04 2.55357e-03
4.81000e+04 2.51102e-03
4.83000e+04 2.49338e-03
4.85000e+04 2.45421e-03
4.87000e+04 2.41282e-03
4.89000e+04 2.38098e-03
4.91000e+04 2.34790e-03
4.93000e+04 2.31593e-03
4.95000e+04 2.28147e-03
4.97000e+04 2.25841e-03
4.99000e+04 2.22369e-03
5.01000e+04 2.19819e-03
5.03000e+04 2.16856e-03
5.05000e+04 2.13223e-03
5.07000e+04 2.10799e-03
5.09000e+04 2.08002e-03
5.11000e+04 2.04653e-03
5.13000e+04 2.01462e-03
5.15000e+04 1.99558e-03
5.17000e+04 1.98143e-03
5.19000e+04 1.95343e-03
5.21000e+04 1.92719e-03
5.23000e+04 1.90067e-03
5.25000e+04 1.88148e-03
5.27000e+04 1.86517e-03
5.29000e+04 1.83120e-03
5.31000e+04 1.80501e-03
5.33000e+04 1.78721e-03
5.35000e+04 1.76540e-03
5.37000e+04 1.74397e-03
5.39000e+04 1.72354e-03
5.41000e+04 1.70230e-03
5.43000e+04 1.67824e-03
5.45000e+04 1.66291e-03
5.47000e+04 1.63953e-03
5.49000e+04 1.62196e-03
5.51000e+04 1.60179e-03
5.53000e+04 1.59293e-03
5.55000e+04 1.56572e-03
5.57000e+04 1.55212e-03
5.59000e+04 1.53181e-03
5.61000e+04 1.51700e-03
5.63000e+04 1.49487e-03
5.65000e+04 1.48170e-03
5.67000e+04 1.46372e-03
5.69000e+04 1.44262e-03
5.71000e+04 1.43114e-03
5.73000e+04 1.41558e-03
5.75000e+04 1.39848e-03
5.77000e+04 1.38215e-03
5.79000e+04 1.36905e-03
5.81000e+04 1.35190e-03
5.83000e+04 1.33592e-03
5.85000e+04 1.31508e-03
5.87000e+04 1.29634e-03
5.89000e+04 1.28024e-03
5.91000e+04 1.26150e-03
5.93000e+04 1.25355e-03
5.95000e+04 1.23994e-03
5.97000e+04 1.22846e-03
5.99000e+04 1.21507e-03
6.01000e+04 1.20149e-03
6.03000e+04 1.18753e-03
6.05000e+04 1.17253e-03
6.07000e+04 1.15964e-03
6.09000e+04 1.14630e-03
6.11000e+04 1.13324e-03
6.13000e+04 1.12208e-03
6.15000e+04 1.11087e-03
6.17000e+04 1.10013e-03
6.19000e+04 1.08775e-03
6.21000e+04 1.07658e-03
6.23000e+04 1.06338e-03
6.25000e+04 1.05045e-03
6.27000e+04 1.03916e-03
6.29000e+04 1.02832e-03
6.31000e+04 1.01733e-03
6.33000e+04 1.00782e-03
6.35000e+04 9.96706e-04
6.37000e+04 9.87328e-04
6.39000e+04 9.75164e-04
6.42000e+04 9.59782e-04
6.46000e+04 9.39603e-04
6.50000e+04 9.20073e-04
6.54000e+04 9.00791e-04
6.58000e+04 8.82593e-04
6.62000e+04 8.64147e-04
6.66000e+04 8.46505e-04
6.70000e+04 8.29368e-04
6.74000e+04 8.12171e-04
6.78000e+04 7.95726e-04
6.82000e+04 7.79713e-04
6.86000e+04 7.64413e-04
6.90000e+04 7.48937e-04
6.94000e+04 7.34131e-04
6.98000e+04 7.19719e-04
7.02000e+04 7.05495e-04
7.06000e+04 6.91948e-04
7.10000e+04 6.78497e-04
7.14000e+04 6.65523e-04
7.18000e+04 6.52631e-04
7.22000e+04 6.40264e-04
7.26000e+04 6.28038e-04
7.30000e+04 6.16190e-04
7.34000e+04 6.04600e-04
7.38000e+04 5.92918e-04
7.42000e+04 5.78751e-04
7.46000e+04 5.65749e-04
7.50000e+04 5.55397e-04
7.54000e+04 5.46957e-04
7.58000e+04 5.37599e-04
7.62000e+04 5.27971e-04
7.66000e+04 5.18432e-04
7.70000e+04 5.09114e-04
7.74000e+04 5.00056e-04
7.78000e+04 4.91228e-04
7.82000e+04 4.82579e-04
7.86000e+04 4.74154e-04
7.90000e+04 4.65861e-04
7.94000e+04 4.57804e-04
7.98000e+04 4.49940e-04
8.02000e+04 4.42102e-04
8.06000e+04 4.34503e-04
8.10000e+04 4.27148e-04
8.14000e+04 4.19914e-04
8.18000e+04 4.12948e-04
8.22000e+04 4.06018e-04
8.26000e+04 3.99291e-04
8.30000e+04 3.92653e-04
8.34000e+04 3.86150e-04
8.38000e+04 3.79830e-04
8.42000e+04 3.73729e-04
8.46000e+04 3.67677e-04
8.50000e+04 3.61771e-04
8.54000e+04 3.55966e-04
8.58000e+04 3.50341e-04
8.62000e+04 3.44804e-04
8.66000e+04 3.39393e-04
8.70000e+04 3.34093e-04
8.74000e+04 3.28879e-04
8.78000e+04 3.23784e-04
8.82000e+04 3.18753e-04
8.86000e+04 3.13889e-04
8.90000e+04 3.09135e-04
8.94000e+04 3.04451e-04
8.98000e+04 2.99816e-04
9.02000e+04 2.95381e-04
9.06000e+04 2.91030e-04
9.10000e+04 2.86385e-04
9.14000e+04 2.81068e-04
9.18000e+04 2.76841e-04
9.22000e+04 2.72836e-04
9.26000e+04 2.68836e-04
9.30000e+04 2.64969e-04
9.34000e+04 2.61159e-04
9.38000e+04 2.57460e-04
9.42000e+04 2.53802e-04
9.46000e+04 2.50196e-04
9.50000e+04 2.46711e-04
9.54000e+04 2.43285e-04
9.58000e+04 2.39958e-04
9.62000e+04 2.36662e-04
9.66000e+04 2.33410e-04
9.70000e+04 2.30233e-04
9.74000e+04 2.27040e-04
9.78000e+04 2.24019e-04
9.82000e+04 2.21086e-04
9.86000e+04 2.18149e-04
9.90000e+04 2.15267e-04
9.94000e+04 2.12376e-04
9.98000e+04 2.09621e-04
1.00200e+05 1.81066e-04
2.00000e+05 2.71947e-05
4.00000e+05 5.30800e-06
6.00000e+05 2.28133e-06
8.00000e+05 1.30991e-06
1.00000e+06 8.60329e-07
1.20000e+06 6.16678e-07
1.40000e+06 4.64722e-07
1.60000e+06 3.61221e-07
