9.10000e+01 0.00000e+00
9.40000e+01 0.00000e+00
9.60000e+01 0.00000e+00
9.80000e+01 0.00000e+00
1.00000e+02 0.00000e+00
1.02000e+02 0.00000e+00
1.04000e+02 0.00000e+00
1.06000e+02 0.00000e+00
1.08000e+02 0.00000e+00
1.10000e+02 0.00000e+00
1.14000e+02 0.00000e+00
1.18000e+02 0.00000e+00
1.21000e+02 0.00000e+00
1.25000e+02 0.00000e+00
1.27000e+02 0.00000e+00
1.28000e+02 0.00000e+00
1.31000e+02 0.00000e+00
1.32000e+02 0.00000e+00
1.34000e+02 0.00000e+00
1.37000e+02 0.00000e+00
1.40000e+02 0.00000e+00
1.43000e+02 0.00000e+00
1.47000e+02 0.00000e+00
1.51000e+02 0.00000e+00
1.55000e+02 0.00000e+00
1.59000e+02 0.00000e+00
1.62000e+02 0.00000e+00
1.66000e+02 0.00000e+00
1.70000e+02 0.00000e+00
1.73000e+02 0.00000e+00
1.77000e+02 0.00000e+00
1.80000e+02 0.00000e+00
1.82000e+02 0.00000e+00
1.86000e+02 0.00000e+00
1.91000e+02 0.00000e+00
1.94000e+02 0.00000e+00
1.98000e+02 0.00000e+00
2.02000e+02 0.00000e+00
2.05000e+02 0.00000e+00
2.10000e+02 0.00000e+00
2.16000e+02 0.00000e+00
2.20000e+02 0.00000e+00
2.23000e+02 0.00000e+00
2.27000e+02 0.00000e+00
2.30000e+02 0.00000e+00
2.34000e+02 0.00000e+00
2.40000e+02 0.00000e+00
2.46000e+02 0.00000e+00
2.52000e+02 0.00000e+00
2.57000e+02 0.00000e+00
2.60000e+02 0.00000e+00
2.64000e+02 0.00000e+00
2.69000e+02 0.00000e+00
2.74000e+02 0.00000e+00
2.79000e+02 0.00000e+00
2.84000e+02 0.00000e+00
2.90000e+02 0.00000e+00
2.96000e+02 0.00000e+00
3.01000e+02 0.00000e+00
3.08000e+02 0.00000e+00
3.18000e+02 0.00000e+00
3.28000e+02 0.00000e+00
3.38000e+02 0.00000e+00
3.48000e+02 0.00000e+00
3.57000e+02 0.00000e+00
3.66000e+02 0.00000e+00
3.75000e+02 0.00000e+00
3.85000e+02 0.00000e+00
3.95000e+02 0.00000e+00
4.05000e+02 0.00000e+00
4.14000e+02 0.00000e+00
4.22000e+02 0.00000e+00
4.30000e+02 0.00000e+00
4.41000e+02 0.00000e+00
4.51000e+02 0.00000e+00
4.60000e+02 0.00000e+00
4.70000e+02 0.00000e+00
4.80000e+02 0.00000e+00
4.90000e+02 0.00000e+00
5.00000e+02 0.00000e+00
5.06000e+02 0.00000e+00
5.12000e+02 0.00000e+00
5.20000e+02 0.00000e+00
5.30000e+02 0.00000e+00
5.40000e+02 0.00000e+00
5.50000e+02 0.00000e+00
5.60000e+02 0.00000e+00
5.70000e+02 0.00000e+00
5.80000e+02 0.00000e+00
5.90000e+02 0.00000e+00
6.00000e+02 0.00000e+00
6.10000e+02 0.00000e+00
6.20000e+02 0.00000e+00
6.30000e+02 0.00000e+00
6.40000e+02 0.00000e+00
6.50000e+02 0.00000e+00
6.58000e+02 0.00000e+00
6.65000e+02 0.00000e+00
6.75000e+02 0.00000e+00
6.85000e+02 0.00000e+00
6.95000e+02 0.00000e+00
7.05000e+02 0.00000e+00
7.16000e+02 0.00000e+00
7.26000e+02 0.00000e+00
7.35000e+02 0.00000e+00
7.45000e+02 0.00000e+00
7.55000e+02 0.00000e+00
7.65000e+02 0.00000e+00
7.75000e+02 0.00000e+00
7.85000e+02 0.00000e+00
7.95000e+02 0.00000e+00
8.05000e+02 0.00000e+00
8.15000e+02 0.00000e+00
8.25000e+02 0.00000e+00
8.35000e+02 0.00000e+00
8.45000e+02 0.00000e+00
8.55000e+02 0.00000e+00
8.65000e+02 0.00000e+00
8.75000e+02 0.00000e+00
8.85000e+02 0.00000e+00
8.95000e+02 0.00000e+00
9.05000e+02 0.00000e+00
9.15000e+02 1.65174e+26
9.25000e+02 4.59668e+26
9.35000e+02 9.06246e+26
9.45000e+02 1.94961e+27
9.55000e+02 3.44190e+27
9.65000e+02 4.53826e+27
9.75000e+02 1.12262e+27
9.85000e+02 6.23624e+27
9.95000e+02 6.80336e+27
1.00500e+03 8.88158e+27
1.01500e+03 7.96520e+27
1.02500e+03 2.48426e+27
1.03500e+03 6.65410e+27
1.04500e+03 1.35045e+28
1.05500e+03 1.44341e+28
1.06500e+03 1.31673e+28
1.07500e+03 1.60081e+28
1.08500e+03 1.45860e+28
1.09500e+03 1.85239e+28
1.10500e+03 1.85978e+28
1.11500e+03 1.93766e+28
1.12500e+03 1.90161e+28
1.13500e+03 2.33911e+28
1.14500e+03 2.31218e+28
1.15500e+03 2.54774e+28
1.16500e+03 2.79234e+28
1.17500e+03 2.37594e+28
1.18500e+03 3.08251e+28
1.19500e+03 2.50053e+28
1.20500e+03 1.90153e+28
1.20872e+03 3.53769e+28
1.20880e+03 3.65352e+28
1.20887e+03 3.69700e+28
1.20894e+03 3.74189e+28
1.20902e+03 3.78829e+28
1.20909e+03 3.83648e+28
1.20916e+03 3.88660e+28
1.20923e+03 3.93883e+28
1.20931e+03 3.99333e+28
1.20938e+03 4.05047e+28
1.20945e+03 4.11044e+28
1.20953e+03 4.17344e+28
1.20960e+03 4.23991e+28
1.20967e+03 4.31009e+28
1.20975e+03 4.38426e+28
1.20982e+03 4.46292e+28
1.20989e+03 4.54639e+28
1.20996e+03 4.63502e+28
1.21004e+03 4.72939e+28
1.21011e+03 4.82993e+28
1.21018e+03 4.93707e+28
1.21026e+03 5.05129e+28
1.21033e+03 5.17331e+28
1.21040e+03 5.30362e+28
1.21047e+03 5.44273e+28
1.21055e+03 5.59147e+28
1.21062e+03 5.75041e+28
1.21069e+03 5.92011e+28
1.21077e+03 6.10153e+28
1.21084e+03 6.29526e+28
1.21091e+03 6.50196e+28
1.21099e+03 6.72266e+28
1.21106e+03 6.95809e+28
1.21113e+03 7.20891e+28
1.21120e+03 7.47587e+28
1.21128e+03 7.76010e+28
1.21135e+03 8.06227e+28
1.21142e+03 8.38305e+28
1.21150e+03 8.72362e+28
1.21157e+03 9.08461e+28
1.21164e+03 9.46665e+28
1.21172e+03 9.87092e+28
1.21179e+03 1.02980e+29
1.21186e+03 1.07483e+29
1.21193e+03 1.12231e+29
1.21201e+03 1.17229e+29
1.21208e+03 1.22480e+29
1.21215e+03 1.27988e+29
1.21223e+03 1.33764e+29
1.21230e+03 1.39808e+29
1.21237e+03 1.46121e+29
1.21244e+03 1.52711e+29
1.21252e+03 1.59576e+29
1.21259e+03 1.66714e+29
1.21266e+03 1.74130e+29
1.21274e+03 1.81820e+29
1.21281e+03 1.89776e+29
1.21288e+03 1.98001e+29
1.21296e+03 2.06491e+29
1.21303e+03 2.15229e+29
1.21310e+03 2.24209e+29
1.21317e+03 2.33427e+29
1.21325e+03 2.42869e+29
1.21332e+03 2.52517e+29
1.21339e+03 2.62366e+29
1.21347e+03 2.72395e+29
1.21354e+03 2.82583e+29
1.21361e+03 2.92920e+29
1.21369e+03 3.03386e+29
1.21376e+03 3.13951e+29
1.21383e+03 3.24592e+29
1.21390e+03 3.35293e+29
1.21398e+03 3.46026e+29
1.21405e+03 3.56758e+29
1.21412e+03 3.67473e+29
1.21420e+03 3.78137e+29
1.21427e+03 3.88716e+29
1.21434e+03 3.99191e+29
1.21441e+03 4.09526e+29
1.21449e+03 4.19687e+29
1.21456e+03 4.29653e+29
1.21463e+03 4.39391e+29
1.21471e+03 4.48863e+29
1.21478e+03 4.58039e+29
1.21485e+03 4.66897e+29
1.21493e+03 4.75444e+29
1.21500e+03 4.83613e+29
1.21507e+03 4.90685e+29
1.21514e+03 4.97325e+29
1.21522e+03 5.03539e+29
1.21529e+03 5.09272e+29
1.21536e+03 5.14500e+29
1.21544e+03 5.19201e+29
1.21551e+03 5.23358e+29
1.21558e+03 5.26956e+29
1.21566e+03 5.29976e+29
1.21573e+03 5.32405e+29
1.21580e+03 5.34237e+29
1.21587e+03 5.35460e+29
1.21595e+03 5.36070e+29
1.21602e+03 5.36063e+29
1.21609e+03 5.35438e+29
1.21617e+03 5.34197e+29
1.21624e+03 5.32342e+29
1.21631e+03 5.29880e+29
1.21638e+03 5.26820e+29
1.21646e+03 5.23172e+29
1.21653e+03 5.18946e+29
1.21660e+03 5.14162e+29
1.21668e+03 5.08836e+29
1.21675e+03 5.02985e+29
1.21682e+03 4.96630e+29
1.21690e+03 4.89797e+29
1.21697e+03 4.82504e+29
1.21704e+03 4.74779e+29
1.21711e+03 4.66653e+29
1.21719e+03 4.58146e+29
1.21726e+03 4.49290e+29
1.21733e+03 4.40119e+29
1.21741e+03 4.30654e+29
1.21748e+03 4.20926e+29
1.21755e+03 4.10973e+29
1.21763e+03 4.00827e+29
1.21770e+03 3.90509e+29
1.21777e+03 3.80054e+29
1.21784e+03 3.69497e+29
1.21792e+03 3.58858e+29
1.21799e+03 3.48171e+29
1.21806e+03 3.37468e+29
1.21814e+03 3.26767e+29
1.21821e+03 3.16100e+29
1.21828e+03 3.05495e+29
1.21835e+03 2.94968e+29
1.21843e+03 2.84542e+29
1.21850e+03 2.74246e+29
1.21857e+03 2.64101e+29
1.21865e+03 2.54117e+29
1.21872e+03 2.44314e+29
1.21879e+03 2.34713e+29
1.21887e+03 2.25320e+29
1.21894e+03 2.16151e+29
1.21901e+03 2.07221e+29
1.21908e+03 1.98533e+29
1.21916e+03 1.90096e+29
1.21923e+03 1.81922e+29
1.21930e+03 1.74019e+29
1.21938e+03 1.66382e+29
1.21945e+03 1.59019e+29
1.21952e+03 1.51934e+29
1.21960e+03 1.45122e+29
1.21967e+03 1.38585e+29
1.21974e+03 1.32325e+29
1.21981e+03 1.26333e+29
1.21989e+03 1.20610e+29
1.21996e+03 1.15154e+29
1.22003e+03 1.09954e+29
1.22011e+03 1.05007e+29
1.22018e+03 1.00310e+29
1.22025e+03 9.58566e+28
1.22032e+03 9.16356e+28
1.22040e+03 8.76417e+28
1.22047e+03 8.38695e+28
1.22054e+03 8.03070e+28
1.22062e+03 7.69482e+28
1.22069e+03 7.37865e+28
1.22076e+03 7.08102e+28
1.22084e+03 6.80127e+28
1.22091e+03 6.53871e+28
1.22098e+03 6.29223e+28
1.22105e+03 6.06107e+28
1.22113e+03 5.84458e+28
1.22120e+03 5.64201e+28
1.22127e+03 5.45235e+28
1.22135e+03 5.27495e+28
1.22142e+03 5.10920e+28
1.22149e+03 4.95416e+28
1.22157e+03 4.80926e+28
1.22164e+03 4.67393e+28
1.22171e+03 4.54736e+28
1.22178e+03 4.42902e+28
1.22186e+03 4.31844e+28
1.22193e+03 4.21489e+28
1.22200e+03 4.11790e+28
1.22208e+03 4.02704e+28
1.22215e+03 3.94189e+28
1.22222e+03 3.86186e+28
1.22229e+03 3.78660e+28
1.22237e+03 3.71580e+28
1.22244e+03 3.64897e+28
1.22251e+03 3.58582e+28
1.22259e+03 3.52611e+28
1.22266e+03 3.46941e+28
1.22273e+03 3.41552e+28
1.22281e+03 3.36423e+28
1.22288e+03 3.31521e+28
1.22295e+03 3.26828e+28
1.22302e+03 3.22327e+28
1.22310e+03 3.18003e+28
1.22317e+03 3.13829e+28
1.22324e+03 3.09930e+28
1.22500e+03 2.40088e+28
1.23500e+03 3.82716e+28
1.24500e+03 4.32027e+28
1.25500e+03 4.39035e+28
1.26500e+03 4.11547e+28
1.27500e+03 4.96331e+28
1.28500e+03 5.25107e+28
1.29500e+03 4.70321e+28
1.30500e+03 4.85572e+28
1.31500e+03 5.71103e+28
1.32500e+03 5.65201e+28
1.33500e+03 5.44460e+28
1.34500e+03 6.10974e+28
1.35500e+03 6.15237e+28
1.36500e+03 5.93676e+28
1.37500e+03 6.16022e+28
1.38500e+03 6.38642e+28
1.39500e+03 5.93103e+28
1.40500e+03 6.24218e+28
1.41500e+03 6.54721e+28
1.42500e+03 6.71849e+28
1.43500e+03 6.89609e+28
1.44200e+03 7.15179e+28
1.44700e+03 7.21585e+28
1.45500e+03 7.18872e+28
1.46500e+03 7.02524e+28
1.47500e+03 7.15846e+28
1.48500e+03 7.25081e+28
1.49500e+03 7.38866e+28
1.50500e+03 7.25032e+28
1.51200e+03 6.86137e+28
1.51700e+03 7.17956e+28
1.52500e+03 7.19711e+28
1.53500e+03 6.73656e+28
1.54500e+03 7.07428e+28
1.55500e+03 6.91305e+28
1.56500e+03 7.15499e+28
1.57500e+03 7.59196e+28
1.58500e+03 7.87356e+28
1.59500e+03 8.14860e+28
1.60500e+03 8.11612e+28
1.61500e+03 8.27128e+28
1.62500e+03 8.20017e+28
1.63500e+03 8.61727e+28
1.64500e+03 8.78291e+28
1.65500e+03 8.54074e+28
1.66500e+03 9.22483e+28
1.67200e+03 8.83107e+28
1.67700e+03 9.32443e+28
1.68500e+03 9.57134e+28
1.69500e+03 9.36264e+28
1.70500e+03 9.21494e+28
1.71500e+03 8.99355e+28
1.72500e+03 9.02841e+28
1.73500e+03 9.47842e+28
1.74500e+03 9.37003e+28
1.75500e+03 9.80254e+28
1.76500e+03 9.32419e+28
1.77500e+03 9.61446e+28
1.78500e+03 9.79526e+28
1.79500e+03 1.01488e+29
1.80500e+03 1.02830e+29
1.81500e+03 9.84326e+28
1.82500e+03 1.01144e+29
1.83500e+03 9.97481e+28
1.84500e+03 9.51925e+28
1.85500e+03 9.49006e+28
1.86500e+03 9.71873e+28
1.87500e+03 1.02775e+29
1.88500e+03 9.66017e+28
1.89500e+03 9.35523e+28
1.90500e+03 1.00751e+29
1.91500e+03 9.58276e+28
1.92500e+03 9.47363e+28
1.93500e+03 9.81235e+28
1.94500e+03 1.00770e+29
1.95500e+03 9.54932e+28
1.96700e+03 1.01796e+29
1.97600e+03 1.04690e+29
1.98400e+03 1.00712e+29
1.99500e+03 9.90984e+28
2.00500e+03 1.02204e+29
2.01500e+03 1.01199e+29
2.02500e+03 1.05085e+29
2.03500e+03 1.01152e+29
2.04500e+03 1.02864e+29
2.05500e+03 9.91792e+28
2.06500e+03 1.01200e+29
2.07400e+03 1.05833e+29
2.07800e+03 1.01491e+29
2.08500e+03 1.04145e+29
2.09500e+03 1.00774e+29
2.10500e+03 1.02920e+29
2.11500e+03 1.03530e+29
2.12500e+03 1.05155e+29
2.13500e+03 1.02673e+29
2.14500e+03 1.02394e+29
2.15500e+03 1.04946e+29
2.16500e+03 1.03494e+29
2.17500e+03 1.03365e+29
2.18500e+03 1.02595e+29
2.19500e+03 1.05442e+29
2.20500e+03 1.03980e+29
2.21500e+03 1.02369e+29
2.22500e+03 1.00606e+29
2.23500e+03 1.04089e+29
2.24500e+03 1.03329e+29
2.25500e+03 1.02181e+29
2.26500e+03 1.04892e+29
2.27500e+03 1.07146e+29
2.28500e+03 1.09334e+29
2.29500e+03 1.07049e+29
2.30500e+03 1.09127e+29
2.31500e+03 1.08533e+29
2.32500e+03 1.00578e+29
2.33500e+03 1.08275e+29
2.34500e+03 1.07578e+29
2.35500e+03 1.11706e+29
2.36500e+03 1.09666e+29
2.37500e+03 1.12055e+29
2.38500e+03 1.09681e+29
2.39500e+03 1.14046e+29
2.40500e+03 1.12653e+29
2.41500e+03 1.14341e+29
2.42500e+03 1.17402e+29
2.43500e+03 1.15289e+29
2.44500e+03 1.18993e+29
2.45500e+03 1.19548e+29
2.46500e+03 1.19159e+29
2.47500e+03 1.18576e+29
2.48500e+03 1.21446e+29
2.49500e+03 1.16725e+29
2.50500e+03 1.23420e+29
2.51300e+03 1.19178e+29
2.51800e+03 1.21952e+29
2.52500e+03 1.19012e+29
2.53500e+03 1.18748e+29
2.54500e+03 1.17891e+29
2.55500e+03 1.21239e+29
2.56500e+03 1.20351e+29
2.57500e+03 1.23561e+29
2.58500e+03 1.24329e+29
2.59500e+03 1.24719e+29
2.60500e+03 1.23590e+29
2.61500e+03 1.24100e+29
2.62500e+03 1.25778e+29
2.63500e+03 1.27183e+29
2.64500e+03 1.32301e+29
2.65500e+03 1.33348e+29
2.66500e+03 1.31040e+29
2.67500e+03 1.34198e+29
2.68500e+03 1.35331e+29
2.69500e+03 1.34374e+29
2.70500e+03 1.35738e+29
2.71500e+03 1.34488e+29
2.72500e+03 1.34696e+29
2.73500e+03 1.37536e+29
2.74500e+03 1.32067e+29
2.75500e+03 1.33059e+29
2.76500e+03 1.35380e+29
2.77500e+03 1.38657e+29
2.78500e+03 1.37897e+29
2.79500e+03 1.29466e+29
2.80500e+03 1.32980e+29
2.81500e+03 1.39340e+29
2.82500e+03 1.39254e+29
2.83500e+03 1.36349e+29
2.84500e+03 1.36396e+29
2.85500e+03 1.36470e+29
2.86500e+03 1.38902e+29
2.87500e+03 1.37772e+29
2.88500e+03 1.38059e+29
2.89500e+03 1.37601e+29
2.91000e+03 1.39592e+29
2.93000e+03 1.39042e+29
2.95000e+03 1.38756e+29
2.97000e+03 1.40073e+29
2.99000e+03 1.40587e+29
3.01000e+03 1.41567e+29
3.03000e+03 1.42571e+29
3.05000e+03 1.43454e+29
3.07000e+03 1.44526e+29
3.09000e+03 1.45907e+29
3.11000e+03 1.46282e+29
3.13000e+03 1.45618e+29
3.15000e+03 1.45144e+29
3.17000e+03 1.44262e+29
3.19000e+03 1.43123e+29
3.21000e+03 1.46718e+29
3.23000e+03 1.48274e+29
3.25000e+03 1.50857e+29
3.27000e+03 1.52294e+29
3.29000e+03 1.52906e+29
3.31000e+03 1.53703e+29
3.33000e+03 1.54475e+29
3.35000e+03 1.55671e+29
3.37000e+03 1.57068e+29
3.39000e+03 1.59232e+29
3.41000e+03 1.60758e+29
3.43000e+03 1.60346e+29
3.45000e+03 1.60668e+29
3.47000e+03 1.61540e+29
3.49000e+03 1.62248e+29
3.51000e+03 1.63290e+29
3.53000e+03 1.63056e+29
3.55000e+03 1.64109e+29
3.57000e+03 1.62619e+29
3.59000e+03 1.62493e+29
3.61000e+03 1.64084e+29
3.63000e+03 1.65486e+29
3.64000e+03 1.66774e+29
3.65000e+03 1.66687e+29
3.67000e+03 1.67303e+29
3.69000e+03 1.63991e+29
3.70466e+03 1.72338e+29
3.70488e+03 1.72444e+29
3.70511e+03 1.72572e+29
3.70533e+03 1.72703e+29
3.70555e+03 1.72831e+29
3.70578e+03 1.72961e+29
3.70600e+03 1.73090e+29
3.70622e+03 1.73220e+29
3.70645e+03 1.73350e+29
3.70667e+03 1.73478e+29
3.70689e+03 1.73607e+29
3.70712e+03 1.73738e+29
3.70734e+03 1.73867e+29
3.70756e+03 1.73997e+29
3.70779e+03 1.74129e+29
3.70801e+03 1.74258e+29
3.70824e+03 1.74389e+29
3.70846e+03 1.74519e+29
3.70868e+03 1.74649e+29
3.70891e+03 1.74781e+29
3.70913e+03 1.74913e+29
3.70935e+03 1.75045e+29
3.70958e+03 1.75180e+29
3.70980e+03 1.75313e+29
3.71000e+03 1.75434e+29
3.71002e+03 1.75582e+29
3.71025e+03 1.76886e+29
3.71047e+03 1.78194e+29
3.71070e+03 1.79506e+29
3.71092e+03 1.80822e+29
3.71114e+03 1.82147e+29
3.71137e+03 1.83477e+29
3.71159e+03 1.84819e+29
3.71181e+03 1.86174e+29
3.71204e+03 1.87543e+29
3.71226e+03 1.88936e+29
3.71248e+03 1.90350e+29
3.71271e+03 1.91799e+29
3.71293e+03 1.93284e+29
3.71316e+03 1.94818e+29
3.71338e+03 1.96413e+29
3.71360e+03 1.98079e+29
3.71383e+03 1.99833e+29
3.71405e+03 2.01698e+29
3.71427e+03 2.03692e+29
3.71450e+03 2.05842e+29
3.71472e+03 2.08185e+29
3.71494e+03 2.10759e+29
3.71517e+03 2.13602e+29
3.71539e+03 2.16764e+29
3.71562e+03 2.20306e+29
3.71584e+03 2.24290e+29
3.71606e+03 2.28789e+29
3.71629e+03 2.33895e+29
3.71651e+03 2.39702e+29
3.71673e+03 2.46320e+29
3.71696e+03 2.53868e+29
3.71718e+03 2.62479e+29
3.71740e+03 2.72298e+29
3.71763e+03 2.83490e+29
3.71785e+03 2.96230e+29
3.71808e+03 3.10698e+29
3.71830e+03 3.27104e+29
3.71852e+03 3.45654e+29
3.71875e+03 3.66577e+29
3.71897e+03 3.90106e+29
3.71919e+03 4.16479e+29
3.71942e+03 4.45945e+29
3.71964e+03 4.78744e+29
3.71986e+03 5.15129e+29
3.72009e+03 5.55324e+29
3.72031e+03 5.99552e+29
3.72053e+03 6.48051e+29
3.72076e+03 7.01020e+29
3.72098e+03 7.58603e+29
3.72121e+03 8.20945e+29
3.72143e+03 8.88127e+29
3.72165e+03 9.60211e+29
3.72188e+03 1.03720e+30
3.72210e+03 1.11903e+30
3.72232e+03 1.20557e+30
3.72255e+03 1.29669e+30
3.72277e+03 1.39208e+30
3.72299e+03 1.49147e+30
3.72322e+03 1.59445e+30
3.72344e+03 1.70056e+30
3.72367e+03 1.80926e+30
3.72389e+03 1.91992e+30
3.72411e+03 2.03189e+30
3.72434e+03 2.14443e+30
3.72456e+03 2.25672e+30
3.72478e+03 2.36794e+30
3.72501e+03 2.47729e+30
3.72523e+03 2.58385e+30
3.72545e+03 2.68668e+30
3.72568e+03 2.78490e+30
3.72590e+03 2.87759e+30
3.72613e+03 2.96391e+30
3.72635e+03 3.04300e+30
3.72657e+03 3.11411e+30
3.72680e+03 3.17653e+30
3.72702e+03 3.22959e+30
3.72724e+03 3.27280e+30
3.72747e+03 3.30573e+30
3.72769e+03 3.32796e+30
3.72791e+03 3.33934e+30
3.72814e+03 3.33974e+30
3.72836e+03 3.32916e+30
3.72859e+03 3.30775e+30
3.72881e+03 3.27574e+30
3.72903e+03 3.23348e+30
3.72926e+03 3.18145e+30
3.72948e+03 3.12023e+30
3.72970e+03 3.05038e+30
3.72993e+03 2.98690e+30
3.73000e+03 2.93829e+30
3.73015e+03 2.87915e+30
3.73037e+03 2.79314e+30
3.73060e+03 2.69456e+30
3.73082e+03 2.59145e+30
3.73105e+03 2.48481e+30
3.73127e+03 2.37547e+30
3.73149e+03 2.26438e+30
3.73172e+03 2.15240e+30
3.73194e+03 2.04033e+30
3.73216e+03 1.92897e+30
3.73239e+03 1.81902e+30
3.73261e+03 1.71114e+30
3.73283e+03 1.60596e+30
3.73306e+03 1.50399e+30
3.73328e+03 1.40568e+30
3.73351e+03 1.31143e+30
3.73373e+03 1.22154e+30
3.73395e+03 1.13621e+30
3.73418e+03 1.05562e+30
3.73440e+03 9.79876e+29
3.73462e+03 9.09036e+29
3.73485e+03 8.43095e+29
3.73507e+03 7.81980e+29
3.73529e+03 7.25600e+29
3.73552e+03 6.73818e+29
3.73574e+03 6.26452e+29
3.73596e+03 5.83315e+29
3.73619e+03 5.44194e+29
3.73641e+03 5.08848e+29
3.73664e+03 4.77048e+29
3.73686e+03 4.48544e+29
3.73708e+03 4.23084e+29
3.73731e+03 4.00430e+29
3.73753e+03 3.80342e+29
3.73775e+03 3.62585e+29
3.73798e+03 3.46944e+29
3.73820e+03 3.33201e+29
3.73842e+03 3.21155e+29
3.73865e+03 3.10623e+29
3.73887e+03 3.01431e+29
3.73910e+03 2.93424e+29
3.73932e+03 2.86456e+29
3.73954e+03 2.80396e+29
3.73977e+03 2.75127e+29
3.73999e+03 2.70540e+29
3.74021e+03 2.66542e+29
3.74044e+03 2.63052e+29
3.74066e+03 2.59990e+29
3.74088e+03 2.57296e+29
3.74111e+03 2.54914e+29
3.74133e+03 2.52793e+29
3.74156e+03 2.50890e+29
3.74178e+03 2.49171e+29
3.74200e+03 2.47603e+29
3.74223e+03 2.46164e+29
3.74245e+03 2.44824e+29
3.74267e+03 2.43573e+29
3.74290e+03 2.42393e+29
3.74312e+03 2.41269e+29
3.74334e+03 2.40190e+29
3.74357e+03 2.39149e+29
3.74379e+03 2.38138e+29
3.74402e+03 2.37151e+29
3.74424e+03 2.36181e+29
3.74446e+03 2.35226e+29
3.74469e+03 2.34286e+29
3.74491e+03 2.33353e+29
3.74513e+03 2.32428e+29
3.74536e+03 2.31509e+29
3.74558e+03 2.30595e+29
3.74580e+03 2.29682e+29
3.74603e+03 2.28773e+29
3.74625e+03 2.27866e+29
3.74648e+03 2.26961e+29
3.74670e+03 2.26056e+29
3.74692e+03 2.25151e+29
3.74715e+03 2.24250e+29
3.74737e+03 2.23346e+29
3.74759e+03 2.22443e+29
3.74782e+03 2.21541e+29
3.74804e+03 2.20637e+29
3.74826e+03 2.19734e+29
3.74849e+03 2.18831e+29
3.74871e+03 2.17928e+29
3.74893e+03 2.17025e+29
3.74916e+03 2.16122e+29
3.75000e+03 2.12720e+29
3.77000e+03 2.23285e+29
3.79000e+03 2.50969e+29
3.81000e+03 2.76801e+29
3.83000e+03 2.37329e+29
3.85000e+03 2.95595e+29
3.87000e+03 3.30837e+29
3.89000e+03 2.35963e+29
3.91000e+03 3.22254e+29
3.93000e+03 3.10453e+29
3.95000e+03 3.21832e+29
3.97000e+03 2.32436e+29
3.99000e+03 3.21644e+29
4.01000e+03 3.35248e+29
4.03000e+03 3.29139e+29
4.05000e+03 3.35509e+29
4.07000e+03 3.32784e+29
4.07820e+03 3.19568e+29
4.07845e+03 3.19170e+29
4.07870e+03 3.18775e+29
4.07894e+03 3.18376e+29
4.07919e+03 3.17980e+29
4.07943e+03 3.17583e+29
4.07968e+03 3.17187e+29
4.07993e+03 3.16790e+29
4.08017e+03 3.16393e+29
4.08042e+03 3.15995e+29
4.08066e+03 3.15599e+29
4.08091e+03 3.15202e+29
4.08116e+03 3.14807e+29
4.08140e+03 3.14410e+29
4.08165e+03 3.14013e+29
4.08190e+03 3.13616e+29
4.08214e+03 3.13221e+29
4.08239e+03 3.12825e+29
4.08263e+03 3.12428e+29
4.08288e+03 3.12031e+29
4.08313e+03 3.11638e+29
4.08337e+03 3.11242e+29
4.08362e+03 3.10847e+29
4.08386e+03 3.10455e+29
4.08411e+03 3.10063e+29
4.08436e+03 3.09670e+29
4.08460e+03 3.09280e+29
4.08485e+03 3.08891e+29
4.08510e+03 3.08505e+29
4.08534e+03 3.08123e+29
4.08559e+03 3.07745e+29
4.08583e+03 3.07373e+29
4.08608e+03 3.07003e+29
4.08633e+03 3.06644e+29
4.08657e+03 3.06293e+29
4.08682e+03 3.05955e+29
4.08706e+03 3.05629e+29
4.08731e+03 3.05322e+29
4.08756e+03 3.05037e+29
4.08780e+03 3.04775e+29
4.08805e+03 3.04543e+29
4.08830e+03 3.04347e+29
4.08854e+03 3.04197e+29
4.08879e+03 3.04097e+29
4.08903e+03 3.04060e+29
4.08928e+03 3.04093e+29
4.08953e+03 3.04212e+29
4.08977e+03 3.04417e+29
4.09000e+03 3.04565e+29
4.09002e+03 3.04934e+29
4.09026e+03 3.05080e+29
4.09051e+03 3.05563e+29
4.09076e+03 3.06220e+29
4.09100e+03 3.07079e+29
4.09125e+03 3.08165e+29
4.09150e+03 3.09508e+29
4.09174e+03 3.11139e+29
4.09199e+03 3.13095e+29
4.09223e+03 3.15409e+29
4.09248e+03 3.18123e+29
4.09273e+03 3.21276e+29
4.09297e+03 3.24911e+29
4.09322e+03 3.29068e+29
4.09347e+03 3.33793e+29
4.09371e+03 3.39131e+29
4.09396e+03 3.45123e+29
4.09420e+03 3.51811e+29
4.09445e+03 3.59234e+29
4.09470e+03 3.67428e+29
4.09494e+03 3.76421e+29
4.09519e+03 3.86246e+29
4.09543e+03 3.96922e+29
4.09568e+03 4.08460e+29
4.09593e+03 4.20861e+29
4.09617e+03 4.34127e+29
4.09642e+03 4.48238e+29
4.09667e+03 4.63172e+29
4.09691e+03 4.78893e+29
4.09716e+03 4.95354e+29
4.09740e+03 5.12496e+29
4.09765e+03 5.30228e+29
4.09790e+03 5.48459e+29
4.09814e+03 5.67096e+29
4.09839e+03 5.86024e+29
4.09863e+03 6.05133e+29
4.09888e+03 6.24286e+29
4.09913e+03 6.43318e+29
4.09937e+03 6.62084e+29
4.09962e+03 6.80431e+29
4.09987e+03 6.98205e+29
4.10011e+03 7.15243e+29
4.10036e+03 7.31394e+29
4.10060e+03 7.46497e+29
4.10085e+03 7.60391e+29
4.10110e+03 7.72932e+29
4.10134e+03 7.84001e+29
4.10159e+03 7.93473e+29
4.10183e+03 8.01248e+29
4.10208e+03 8.07242e+29
4.10233e+03 8.11375e+29
4.10257e+03 8.13599e+29
4.10282e+03 8.13890e+29
4.10307e+03 8.12239e+29
4.10331e+03 8.08656e+29
4.10356e+03 8.03171e+29
4.10380e+03 7.95826e+29
4.10405e+03 7.86711e+29
4.10430e+03 7.75915e+29
4.10454e+03 7.63543e+29
4.10479e+03 7.49714e+29
4.10503e+03 7.34555e+29
4.10528e+03 7.18206e+29
4.10553e+03 7.00839e+29
4.10577e+03 6.82607e+29
4.10602e+03 6.63665e+29
4.10627e+03 6.44174e+29
4.10651e+03 6.24289e+29
4.10676e+03 6.04161e+29
4.10700e+03 5.83935e+29
4.10725e+03 5.63775e+29
4.10750e+03 5.43814e+29
4.10774e+03 5.24167e+29
4.10799e+03 5.04942e+29
4.10823e+03 4.86225e+29
4.10848e+03 4.68106e+29
4.10873e+03 4.50680e+29
4.10897e+03 4.34007e+29
4.10922e+03 4.18127e+29
4.10947e+03 4.03072e+29
4.10971e+03 3.88869e+29
4.10996e+03 3.78079e+29
4.11000e+03 3.71326e+29
4.11020e+03 3.63713e+29
4.11045e+03 3.54010e+29
4.11070e+03 3.44660e+29
4.11094e+03 3.36135e+29
4.11119e+03 3.28406e+29
4.11144e+03 3.21440e+29
4.11168e+03 3.15201e+29
4.11193e+03 3.09654e+29
4.11217e+03 3.04757e+29
4.11242e+03 3.00465e+29
4.11267e+03 2.96732e+29
4.11291e+03 2.93519e+29
4.11316e+03 2.90777e+29
4.11340e+03 2.88467e+29
4.11365e+03 2.86552e+29
4.11390e+03 2.84992e+29
4.11414e+03 2.83746e+29
4.11439e+03 2.82785e+29
4.11464e+03 2.82076e+29
4.11488e+03 2.81590e+29
4.11513e+03 2.81298e+29
4.11537e+03 2.81180e+29
4.11562e+03 2.81210e+29
4.11587e+03 2.81371e+29
4.11611e+03 2.81645e+29
4.11636e+03 2.82014e+29
4.11660e+03 2.82467e+29
4.11685e+03 2.82990e+29
4.11710e+03 2.83570e+29
4.11734e+03 2.84203e+29
4.11759e+03 2.84877e+29
4.11784e+03 2.85586e+29
4.11808e+03 2.86325e+29
4.11833e+03 2.87090e+29
4.11857e+03 2.87874e+29
4.11882e+03 2.88674e+29
4.11907e+03 2.89488e+29
4.11931e+03 2.90312e+29
4.11956e+03 2.91147e+29
4.11981e+03 2.91985e+29
4.12005e+03 2.92827e+29
4.12030e+03 2.93677e+29
4.12054e+03 2.94526e+29
4.12079e+03 2.95381e+29
4.12104e+03 2.96236e+29
4.12128e+03 2.97094e+29
4.12153e+03 2.97955e+29
4.12177e+03 2.98816e+29
4.12202e+03 2.99676e+29
4.12227e+03 3.00539e+29
4.12251e+03 3.01401e+29
4.12276e+03 3.02263e+29
4.12301e+03 3.03128e+29
4.12325e+03 3.03991e+29
4.12350e+03 3.04855e+29
4.12374e+03 3.05717e+29
4.12399e+03 3.06581e+29
4.12424e+03 3.07444e+29
4.12448e+03 3.08308e+29
4.12473e+03 3.09172e+29
4.12497e+03 3.10036e+29
4.12522e+03 3.10899e+29
4.12547e+03 3.11762e+29
4.12571e+03 3.12625e+29
4.12596e+03 3.13489e+29
4.12621e+03 3.14353e+29
4.12645e+03 3.15216e+29
4.12670e+03 3.16079e+29
4.12694e+03 3.16943e+29
4.12719e+03 3.17805e+29
4.13000e+03 3.27652e+29
4.15000e+03 3.35157e+29
4.17000e+03 3.36432e+29
4.19000e+03 3.36726e+29
4.21000e+03 3.38277e+29
4.23000e+03 3.37506e+29
4.25000e+03 3.37816e+29
4.27000e+03 3.33859e+29
4.29000e+03 3.33603e+29
4.31000e+03 3.22051e+29
4.31565e+03 3.13211e+29
4.31591e+03 3.12804e+29
4.31617e+03 3.12397e+29
4.31643e+03 3.11990e+29
4.31669e+03 3.11583e+29
4.31695e+03 3.11175e+29
4.31721e+03 3.10770e+29
4.31747e+03 3.10363e+29
4.31773e+03 3.09957e+29
4.31799e+03 3.09549e+29
4.31825e+03 3.09143e+29
4.31852e+03 3.08736e+29
4.31878e+03 3.08330e+29
4.31904e+03 3.07923e+29
4.31930e+03 3.07517e+29
4.31956e+03 3.07110e+29
4.31982e+03 3.06707e+29
4.32008e+03 3.06302e+29
4.32034e+03 3.05896e+29
4.32060e+03 3.05491e+29
4.32086e+03 3.05089e+29
4.32112e+03 3.04686e+29
4.32138e+03 3.04285e+29
4.32164e+03 3.03885e+29
4.32190e+03 3.03485e+29
4.32216e+03 3.03089e+29
4.32242e+03 3.02698e+29
4.32268e+03 3.02307e+29
4.32294e+03 3.01922e+29
4.32320e+03 3.01544e+29
4.32346e+03 3.01171e+29
4.32373e+03 3.00811e+29
4.32399e+03 3.00459e+29
4.32425e+03 3.00123e+29
4.32451e+03 2.99803e+29
4.32477e+03 2.99506e+29
4.32503e+03 2.99237e+29
4.32529e+03 2.98997e+29
4.32555e+03 2.98796e+29
4.32581e+03 2.98645e+29
4.32607e+03 2.98548e+29
4.32633e+03 2.98520e+29
4.32659e+03 2.98573e+29
4.32685e+03 2.98725e+29
4.32711e+03 2.98989e+29
4.32737e+03 2.99389e+29
4.32763e+03 2.99945e+29
4.32789e+03 3.00686e+29
4.32815e+03 3.01641e+29
4.32841e+03 3.02845e+29
4.32867e+03 3.04333e+29
4.32894e+03 3.06149e+29
4.32920e+03 3.08337e+29
4.32946e+03 3.10952e+29
4.32972e+03 3.14044e+29
4.32998e+03 3.16680e+29
4.33000e+03 3.18930e+29
4.33024e+03 3.22058e+29
4.33050e+03 3.26902e+29
4.33076e+03 3.32597e+29
4.33102e+03 3.39110e+29
4.33128e+03 3.46517e+29
4.33154e+03 3.54904e+29
4.33180e+03 3.64348e+29
4.33206e+03 3.74931e+29
4.33232e+03 3.86734e+29
4.33258e+03 3.99833e+29
4.33284e+03 4.14299e+29
4.33310e+03 4.30204e+29
4.33336e+03 4.47601e+29
4.33362e+03 4.66545e+29
4.33388e+03 4.87070e+29
4.33415e+03 5.09200e+29
4.33441e+03 5.32945e+29
4.33467e+03 5.58299e+29
4.33493e+03 5.85232e+29
4.33519e+03 6.13694e+29
4.33545e+03 6.43617e+29
4.33571e+03 6.74905e+29
4.33597e+03 7.07444e+29
4.33623e+03 7.41093e+29
4.33649e+03 7.75682e+29
4.33675e+03 8.11025e+29
4.33701e+03 8.46913e+29
4.33727e+03 8.83112e+29
4.33753e+03 9.19370e+29
4.33779e+03 9.55422e+29
4.33805e+03 9.90987e+29
4.33831e+03 1.02577e+30
4.33857e+03 1.05948e+30
4.33883e+03 1.09182e+30
4.33909e+03 1.12248e+30
4.33935e+03 1.15118e+30
4.33962e+03 1.17763e+30
4.33988e+03 1.20160e+30
4.34014e+03 1.22279e+30
4.34040e+03 1.24102e+30
4.34066e+03 1.25609e+30
4.34092e+03 1.26782e+30
4.34118e+03 1.27610e+30
4.34144e+03 1.28082e+30
4.34170e+03 1.28196e+30
4.34196e+03 1.27945e+30
4.34222e+03 1.27336e+30
4.34248e+03 1.26373e+30
4.34274e+03 1.25068e+30
4.34300e+03 1.23430e+30
4.34326e+03 1.21482e+30
4.34352e+03 1.19239e+30
4.34378e+03 1.16724e+30
4.34404e+03 1.13963e+30
4.34430e+03 1.10985e+30
4.34457e+03 1.07814e+30
4.34483e+03 1.04483e+30
4.34509e+03 1.01017e+30
4.34535e+03 9.74509e+29
4.34561e+03 9.38120e+29
4.34587e+03 9.01294e+29
4.34613e+03 8.64311e+29
4.34639e+03 8.27436e+29
4.34665e+03 7.90916e+29
4.34691e+03 7.54978e+29
4.34717e+03 7.19829e+29
4.34743e+03 6.85656e+29
4.34769e+03 6.52618e+29
4.34795e+03 6.20855e+29
4.34821e+03 5.90473e+29
4.34847e+03 5.61569e+29
4.34873e+03 5.34204e+29
4.34899e+03 5.08425e+29
4.34925e+03 4.84254e+29
4.34951e+03 4.61701e+29
4.34978e+03 4.41412e+29
4.35000e+03 4.27277e+29
4.35004e+03 4.17595e+29
4.35030e+03 4.04921e+29
4.35056e+03 3.89785e+29
4.35082e+03 3.76076e+29
4.35108e+03 3.63721e+29
4.35134e+03 3.52649e+29
4.35160e+03 3.42779e+29
4.35186e+03 3.34036e+29
4.35212e+03 3.26335e+29
4.35238e+03 3.19599e+29
4.35264e+03 3.13741e+29
4.35290e+03 3.08691e+29
4.35316e+03 3.04370e+29
4.35342e+03 3.00707e+29
4.35368e+03 2.97633e+29
4.35394e+03 2.95090e+29
4.35420e+03 2.93015e+29
4.35446e+03 2.91353e+29
4.35472e+03 2.90055e+29
4.35499e+03 2.89077e+29
4.35525e+03 2.88378e+29
4.35551e+03 2.87920e+29
4.35577e+03 2.87669e+29
4.35603e+03 2.87601e+29
4.35629e+03 2.87681e+29
4.35655e+03 2.87896e+29
4.35681e+03 2.88220e+29
4.35707e+03 2.88637e+29
4.35733e+03 2.89132e+29
4.35759e+03 2.89695e+29
4.35785e+03 2.90312e+29
4.35811e+03 2.90975e+29
4.35837e+03 2.91672e+29
4.35863e+03 2.92403e+29
4.35889e+03 2.93158e+29
4.35915e+03 2.93935e+29
4.35941e+03 2.94728e+29
4.35967e+03 2.95536e+29
4.35993e+03 2.96352e+29
4.36020e+03 2.97178e+29
4.36046e+03 2.98011e+29
4.36072e+03 2.98851e+29
4.36098e+03 2.99694e+29
4.36124e+03 3.00541e+29
4.36150e+03 3.01389e+29
4.36176e+03 3.02241e+29
4.36202e+03 3.03094e+29
4.36228e+03 3.03947e+29
4.36254e+03 3.04803e+29
4.36280e+03 3.05658e+29
4.36306e+03 3.06516e+29
4.36332e+03 3.07372e+29
4.36358e+03 3.08229e+29
4.36384e+03 3.09085e+29
4.36410e+03 3.09943e+29
4.36436e+03 3.10797e+29
4.36462e+03 3.11656e+29
4.36488e+03 3.12512e+29
4.36515e+03 3.13369e+29
4.36541e+03 3.14226e+29
4.36567e+03 3.15082e+29
4.36593e+03 3.15940e+29
4.36619e+03 3.16797e+29
4.36645e+03 3.17652e+29
4.36671e+03 3.18511e+29
4.36697e+03 3.19367e+29
4.36723e+03 3.20224e+29
4.36749e+03 3.21080e+29
4.37000e+03 3.29327e+29
4.39000e+03 3.27805e+29
4.41000e+03 3.33308e+29
4.43000e+03 3.37186e+29
4.45000e+03 3.40022e+29
4.47000e+03 3.39562e+29
4.49000e+03 3.42875e+29
4.51000e+03 3.50182e+29
4.53000e+03 3.44494e+29
4.55000e+03 3.44664e+29
4.57000e+03 3.50621e+29
4.59000e+03 3.46867e+29
4.61000e+03 3.49911e+29
4.63000e+03 3.46882e+29
4.65000e+03 3.47755e+29
4.67000e+03 3.48971e+29
4.69000e+03 3.48093e+29
4.71000e+03 3.43052e+29
4.73000e+03 3.49909e+29
4.75000e+03 3.52709e+29
4.77000e+03 3.54311e+29
4.79000e+03 3.54957e+29
4.81000e+03 3.55316e+29
4.83000e+03 3.55386e+29
4.83484e+03 3.48821e+29
4.83513e+03 3.48425e+29
4.83542e+03 3.48026e+29
4.83571e+03 3.47631e+29
4.83600e+03 3.47233e+29
4.83629e+03 3.46837e+29
4.83659e+03 3.46444e+29
4.83688e+03 3.46048e+29
4.83717e+03 3.45653e+29
4.83746e+03 3.45260e+29
4.83775e+03 3.44869e+29
4.83805e+03 3.44480e+29
4.83834e+03 3.44092e+29
4.83863e+03 3.43709e+29
4.83892e+03 3.43330e+29
4.83921e+03 3.42957e+29
4.83950e+03 3.42589e+29
4.83980e+03 3.42232e+29
4.84009e+03 3.41886e+29
4.84038e+03 3.41553e+29
4.84067e+03 3.41240e+29
4.84096e+03 3.40947e+29
4.84126e+03 3.40687e+29
4.84155e+03 3.40458e+29
4.84184e+03 3.40273e+29
4.84213e+03 3.40142e+29
4.84242e+03 3.40075e+29
4.84272e+03 3.40087e+29
4.84301e+03 3.40196e+29
4.84330e+03 3.40419e+29
4.84359e+03 3.40782e+29
4.84388e+03 3.41314e+29
4.84417e+03 3.42043e+29
4.84447e+03 3.43013e+29
4.84476e+03 3.44259e+29
4.84505e+03 3.45836e+29
4.84534e+03 3.47801e+29
4.84563e+03 3.50216e+29
4.84593e+03 3.53155e+29
4.84622e+03 3.56702e+29
4.84651e+03 3.60944e+29
4.84680e+03 3.65983e+29
4.84709e+03 3.71934e+29
4.84738e+03 3.78919e+29
4.84768e+03 3.87068e+29
4.84797e+03 3.96531e+29
4.84826e+03 4.07457e+29
4.84855e+03 4.20007e+29
4.84884e+03 4.34366e+29
4.84914e+03 4.50717e+29
4.84943e+03 4.69229e+29
4.84972e+03 4.89872e+29
4.85000e+03 5.06771e+29
4.85001e+03 5.19579e+29
4.85030e+03 5.39709e+29
4.85059e+03 5.68818e+29
4.85089e+03 6.01061e+29
4.85118e+03 6.36588e+29
4.85147e+03 6.75547e+29
4.85176e+03 7.18102e+29
4.85205e+03 7.64350e+29
4.85235e+03 8.14357e+29
4.85264e+03 8.68210e+29
4.85293e+03 9.25903e+29
4.85322e+03 9.87382e+29
4.85351e+03 1.05262e+30
4.85381e+03 1.12150e+30
4.85410e+03 1.19378e+30
4.85439e+03 1.26923e+30
4.85468e+03 1.34760e+30
4.85497e+03 1.42854e+30
4.85526e+03 1.51159e+30
4.85556e+03 1.59637e+30
4.85585e+03 1.68232e+30
4.85614e+03 1.76886e+30
4.85643e+03 1.85544e+30
4.85672e+03 1.94136e+30
4.85702e+03 2.02599e+30
4.85731e+03 2.10860e+30
4.85760e+03 2.18858e+30
4.85789e+03 2.26506e+30
4.85818e+03 2.33740e+30
4.85847e+03 2.40494e+30
4.85877e+03 2.46703e+30
4.85906e+03 2.52297e+30
4.85935e+03 2.57229e+30
4.85964e+03 2.61441e+30
4.85993e+03 2.64890e+30
4.86023e+03 2.67543e+30
4.86052e+03 2.69369e+30
4.86081e+03 2.70346e+30
4.86110e+03 2.70464e+30
4.86139e+03 2.69721e+30
4.86168e+03 2.68128e+30
4.86198e+03 2.65699e+30
4.86227e+03 2.62456e+30
4.86256e+03 2.58439e+30
4.86285e+03 2.53687e+30
4.86314e+03 2.48248e+30
4.86344e+03 2.42180e+30
4.86373e+03 2.35542e+30
4.86402e+03 2.28394e+30
4.86431e+03 2.20809e+30
4.86460e+03 2.12858e+30
4.86490e+03 2.04607e+30
4.86519e+03 1.96128e+30
4.86548e+03 1.87498e+30
4.86577e+03 1.78775e+30
4.86606e+03 1.70028e+30
4.86635e+03 1.61323e+30
4.86665e+03 1.52721e+30
4.86694e+03 1.44265e+30
4.86723e+03 1.36006e+30
4.86752e+03 1.27994e+30
4.86781e+03 1.20256e+30
4.86811e+03 1.12830e+30
4.86840e+03 1.05739e+30
4.86869e+03 9.90012e+29
4.86898e+03 9.26325e+29
4.86927e+03 8.66453e+29
4.86956e+03 8.10389e+29
4.86986e+03 7.64420e+29
4.87000e+03 7.33673e+29
4.87015e+03 7.04651e+29
4.87044e+03 6.66992e+29
4.87073e+03 6.27187e+29
4.87102e+03 5.90896e+29
4.87132e+03 5.57969e+29
4.87161e+03 5.28211e+29
4.87190e+03 5.01455e+29
4.87219e+03 4.77529e+29
4.87248e+03 4.56219e+29
4.87277e+03 4.37341e+29
4.87307e+03 4.20714e+29
4.87336e+03 4.06124e+29
4.87365e+03 3.93403e+29
4.87394e+03 3.82376e+29
4.87423e+03 3.72871e+29
4.87453e+03 3.64733e+29
4.87482e+03 3.57814e+29
4.87511e+03 3.51979e+29
4.87540e+03 3.47096e+29
4.87569e+03 3.43051e+29
4.87598e+03 3.39743e+29
4.87628e+03 3.37071e+29
4.87657e+03 3.34954e+29
4.87686e+03 3.33313e+29
4.87715e+03 3.32081e+29
4.87744e+03 3.31201e+29
4.87774e+03 3.30618e+29
4.87803e+03 3.30288e+29
4.87832e+03 3.30170e+29
4.87861e+03 3.30230e+29
4.87890e+03 3.30440e+29
4.87920e+03 3.30776e+29
4.87949e+03 3.31215e+29
4.87978e+03 3.31737e+29
4.88007e+03 3.32329e+29
4.88036e+03 3.32981e+29
4.88065e+03 3.33677e+29
4.88095e+03 3.34415e+29
4.88124e+03 3.35181e+29
4.88153e+03 3.35971e+29
4.88182e+03 3.36782e+29
4.88211e+03 3.37610e+29
4.88241e+03 3.38450e+29
4.88270e+03 3.39300e+29
4.88299e+03 3.40158e+29
4.88328e+03 3.41023e+29
4.88357e+03 3.41889e+29
4.88386e+03 3.42765e+29
4.88416e+03 3.43641e+29
4.88445e+03 3.44519e+29
4.88474e+03 3.45399e+29
4.88503e+03 3.46282e+29
4.88532e+03 3.47161e+29
4.88562e+03 3.48040e+29
4.88591e+03 3.48918e+29
4.88620e+03 3.49796e+29
4.88649e+03 3.50675e+29
4.88678e+03 3.51554e+29
4.88707e+03 3.52434e+29
4.88737e+03 3.53315e+29
4.88766e+03 3.54196e+29
4.88795e+03 3.55078e+29
4.88824e+03 3.55958e+29
4.88853e+03 3.56838e+29
4.88883e+03 3.57720e+29
4.88912e+03 3.58601e+29
4.88941e+03 3.59483e+29
4.88970e+03 3.60365e+29
4.89000e+03 3.61266e+29
4.89029e+03 3.61393e+29
4.89058e+03 3.61524e+29
4.89087e+03 3.61653e+29
4.89116e+03 3.61777e+29
4.89145e+03 3.61895e+29
4.89174e+03 3.62015e+29
4.89204e+03 3.62132e+29
4.89233e+03 3.62250e+29
4.89262e+03 3.62368e+29
4.89291e+03 3.62487e+29
4.91000e+03 3.69437e+29
4.92877e+03 3.65333e+29
4.92907e+03 3.65265e+29
4.92936e+03 3.65197e+29
4.92966e+03 3.65127e+29
4.92996e+03 3.65059e+29
4.93000e+03 3.65049e+29
4.93026e+03 3.65145e+29
4.93055e+03 3.65257e+29
4.93085e+03 3.65368e+29
4.93115e+03 3.65480e+29
4.93145e+03 3.65590e+29
4.93174e+03 3.65702e+29
4.93204e+03 3.65814e+29
4.93234e+03 3.65926e+29
4.93264e+03 3.66038e+29
4.93293e+03 3.66150e+29
4.93323e+03 3.66261e+29
4.93353e+03 3.66372e+29
4.93383e+03 3.66485e+29
4.93412e+03 3.66598e+29
4.93442e+03 3.66711e+29
4.93472e+03 3.66822e+29
4.93502e+03 3.66935e+29
4.93531e+03 3.67050e+29
4.93561e+03 3.67164e+29
4.93591e+03 3.67278e+29
4.93621e+03 3.67395e+29
4.93650e+03 3.67512e+29
4.93680e+03 3.67631e+29
4.93710e+03 3.67754e+29
4.93740e+03 3.67878e+29
4.93769e+03 3.68006e+29
4.93799e+03 3.68136e+29
4.93829e+03 3.68274e+29
4.93859e+03 3.68418e+29
4.93888e+03 3.68572e+29
4.93918e+03 3.68734e+29
4.93948e+03 3.68910e+29
4.93978e+03 3.69100e+29
4.94007e+03 3.69309e+29
4.94037e+03 3.69541e+29
4.94067e+03 3.69801e+29
4.94097e+03 3.70092e+29
4.94126e+03 3.70421e+29
4.94156e+03 3.70798e+29
4.94186e+03 3.71228e+29
4.94216e+03 3.71721e+29
4.94245e+03 3.72293e+29
4.94275e+03 3.72950e+29
4.94305e+03 3.73710e+29
4.94335e+03 3.74589e+29
4.94364e+03 3.75604e+29
4.94394e+03 3.76772e+29
4.94424e+03 3.78122e+29
4.94454e+03 3.79675e+29
4.94483e+03 3.81453e+29
4.94513e+03 3.83490e+29
4.94543e+03 3.85814e+29
4.94573e+03 3.88460e+29
4.94602e+03 3.91461e+29
4.94632e+03 3.94851e+29
4.94662e+03 3.98668e+29
4.94692e+03 4.02954e+29
4.94721e+03 4.07745e+29
4.94751e+03 4.13078e+29
4.94781e+03 4.18991e+29
4.94811e+03 4.25526e+29
4.94840e+03 4.32717e+29
4.94870e+03 4.40590e+29
4.94900e+03 4.49177e+29
4.94930e+03 4.58507e+29
4.94959e+03 4.68587e+29
4.94989e+03 4.77647e+29
4.95000e+03 4.84354e+29
4.95019e+03 4.92057e+29
4.95049e+03 5.03259e+29
4.95078e+03 5.16279e+29
4.95108e+03 5.30037e+29
4.95138e+03 5.44498e+29
4.95168e+03 5.59608e+29
4.95197e+03 5.75315e+29
4.95227e+03 5.91557e+29
4.95257e+03 6.08244e+29
4.95287e+03 6.25291e+29
4.95316e+03 6.42609e+29
4.95346e+03 6.60067e+29
4.95376e+03 6.77549e+29
4.95406e+03 6.94939e+29
4.95435e+03 7.12106e+29
4.95465e+03 7.28894e+29
4.95495e+03 7.45169e+29
4.95525e+03 7.60796e+29
4.95554e+03 7.75619e+29
4.95584e+03 7.89506e+29
4.95614e+03 8.02326e+29
4.95644e+03 8.13945e+29
4.95673e+03 8.24247e+29
4.95703e+03 8.33134e+29
4.95733e+03 8.40511e+29
4.95763e+03 8.46297e+29
4.95792e+03 8.50434e+29
4.95822e+03 8.52875e+29
4.95852e+03 8.53593e+29
4.95882e+03 8.52583e+29
4.95911e+03 8.49854e+29
4.95941e+03 8.45437e+29
4.95971e+03 8.39377e+29
4.96001e+03 8.31737e+29
4.96030e+03 8.22604e+29
4.96060e+03 8.12069e+29
4.96090e+03 8.00238e+29
4.96120e+03 7.87223e+29
4.96149e+03 7.73167e+29
4.96179e+03 7.58195e+29
4.96209e+03 7.42440e+29
4.96239e+03 7.26063e+29
4.96268e+03 7.09196e+29
4.96298e+03 6.91974e+29
4.96328e+03 6.74548e+29
4.96358e+03 6.57052e+29
4.96387e+03 6.39603e+29
4.96417e+03 6.22312e+29
4.96447e+03 6.05306e+29
4.96477e+03 5.88676e+29
4.96506e+03 5.72507e+29
4.96536e+03 5.56884e+29
4.96566e+03 5.41870e+29
4.96596e+03 5.27508e+29
4.96625e+03 5.13861e+29
4.96655e+03 5.00953e+29
4.96685e+03 4.88796e+29
4.96715e+03 4.77403e+29
4.96744e+03 4.66787e+29
4.96774e+03 4.56935e+29
4.96804e+03 4.47834e+29
4.96834e+03 4.39472e+29
4.96863e+03 4.31819e+29
4.96893e+03 4.24844e+29
4.96923e+03 4.18518e+29
4.96953e+03 4.12809e+29
4.96982e+03 4.08164e+29
4.97000e+03 4.05104e+29
4.97012e+03 4.02396e+29
4.97042e+03 3.98880e+29
4.97072e+03 3.95172e+29
4.97102e+03 3.91884e+29
4.97131e+03 3.88984e+29
4.97161e+03 3.86433e+29
4.97191e+03 3.84196e+29
4.97221e+03 3.82242e+29
4.97250e+03 3.80541e+29
4.97280e+03 3.79062e+29
4.97310e+03 3.77783e+29
4.97340e+03 3.76679e+29
4.97369e+03 3.75728e+29
4.97399e+03 3.74908e+29
4.97429e+03 3.74206e+29
4.97458e+03 3.73601e+29
4.97488e+03 3.73083e+29
4.97518e+03 3.72639e+29
4.97548e+03 3.72256e+29
4.97578e+03 3.71929e+29
4.97607e+03 3.71644e+29
4.97637e+03 3.71423e+29
4.97648e+03 3.71303e+29
4.97667e+03 3.71188e+29
4.97678e+03 3.71099e+29
4.97697e+03 3.70998e+29
4.97708e+03 3.70919e+29
4.97726e+03 3.70831e+29
4.97738e+03 3.70760e+29
4.97756e+03 3.70679e+29
4.97768e+03 3.70618e+29
4.97786e+03 3.70545e+29
4.97798e+03 3.70490e+29
4.97816e+03 3.70422e+29
4.97828e+03 3.70370e+29
4.97845e+03 3.70311e+29
4.97858e+03 3.70263e+29
4.97875e+03 3.70207e+29
4.97888e+03 3.70160e+29
4.97905e+03 3.70111e+29
4.97918e+03 3.70067e+29
4.97935e+03 3.70017e+29
4.97948e+03 3.69976e+29
4.97964e+03 3.69931e+29
4.97978e+03 3.69890e+29
4.97994e+03 3.69847e+29
4.98008e+03 3.69806e+29
4.98024e+03 3.69764e+29
4.98039e+03 3.69726e+29
4.98054e+03 3.69685e+29
4.98069e+03 3.69644e+29
4.98083e+03 3.69608e+29
4.98099e+03 3.69568e+29
4.98113e+03 3.69533e+29
4.98129e+03 3.69492e+29
4.98143e+03 3.69457e+29
4.98159e+03 3.69418e+29
4.98173e+03 3.69385e+29
4.98189e+03 3.69345e+29
4.98202e+03 3.69312e+29
4.98219e+03 3.69273e+29
4.98232e+03 3.69241e+29
4.98249e+03 3.69201e+29
4.98262e+03 3.69171e+29
4.98279e+03 3.69131e+29
4.98292e+03 3.69102e+29
4.98309e+03 3.69064e+29
4.98321e+03 3.69036e+29
4.98339e+03 3.68995e+29
4.98351e+03 3.68970e+29
4.98369e+03 3.68931e+29
4.98381e+03 3.68908e+29
4.98399e+03 3.68870e+29
4.98411e+03 3.68847e+29
4.98429e+03 3.68811e+29
4.98440e+03 3.68792e+29
4.98459e+03 3.68756e+29
4.98470e+03 3.68741e+29
4.98489e+03 3.68706e+29
4.98500e+03 3.68695e+29
4.98519e+03 3.68666e+29
4.98530e+03 3.68658e+29
4.98549e+03 3.68631e+29
4.98559e+03 3.68629e+29
4.98579e+03 3.68609e+29
4.98589e+03 3.68613e+29
4.98609e+03 3.68596e+29
4.98619e+03 3.68612e+29
4.98639e+03 3.68603e+29
4.98649e+03 3.68627e+29
4.98669e+03 3.68628e+29
4.98678e+03 3.68666e+29
4.98699e+03 3.68679e+29
4.98708e+03 3.68732e+29
4.98729e+03 3.68762e+29
4.98738e+03 3.68831e+29
4.98759e+03 3.68881e+29
4.98768e+03 3.68974e+29
4.98790e+03 3.69046e+29
4.98797e+03 3.69167e+29
4.98820e+03 3.69333e+29
4.98850e+03 3.69612e+29
4.98880e+03 3.69994e+29
4.98910e+03 3.70479e+29
4.98940e+03 3.71083e+29
4.98970e+03 3.71829e+29
4.99000e+03 3.72745e+29
4.99030e+03 3.73797e+29
4.99060e+03 3.75081e+29
4.99090e+03 3.76640e+29
4.99120e+03 3.78512e+29
4.99150e+03 3.80750e+29
4.99180e+03 3.83409e+29
4.99210e+03 3.86550e+29
4.99240e+03 3.90243e+29
4.99270e+03 3.94559e+29
4.99300e+03 3.99580e+29
4.99330e+03 4.05395e+29
4.99360e+03 4.12102e+29
4.99390e+03 4.19800e+29
4.99420e+03 4.28589e+29
4.99450e+03 4.38582e+29
4.99480e+03 4.49895e+29
4.99510e+03 4.62655e+29
4.99541e+03 4.76977e+29
4.99571e+03 4.92975e+29
4.99601e+03 5.10761e+29
4.99631e+03 5.30458e+29
4.99661e+03 5.52182e+29
4.99691e+03 5.76030e+29
4.99721e+03 6.02075e+29
4.99751e+03 6.30385e+29
4.99781e+03 6.61026e+29
4.99811e+03 6.94049e+29
4.99841e+03 7.29469e+29
4.99871e+03 7.67242e+29
4.99901e+03 8.07329e+29
4.99931e+03 8.49671e+29
4.99961e+03 8.94183e+29
4.99991e+03 9.40732e+29
5.00021e+03 9.89104e+29
5.00051e+03 1.03908e+30
5.00081e+03 1.09047e+30
5.00111e+03 1.14299e+30
5.00141e+03 1.19634e+30
5.00171e+03 1.25013e+30
5.00201e+03 1.30398e+30
5.00231e+03 1.35752e+30
5.00261e+03 1.41039e+30
5.00292e+03 1.46211e+30
5.00322e+03 1.51225e+30
5.00352e+03 1.56032e+30
5.00382e+03 1.60595e+30
5.00412e+03 1.64870e+30
5.00442e+03 1.68816e+30
5.00472e+03 1.72392e+30
5.00502e+03 1.75559e+30
5.00532e+03 1.78290e+30
5.00562e+03 1.80556e+30
5.00592e+03 1.82331e+30
5.00622e+03 1.83594e+30
5.00652e+03 1.84335e+30
5.00682e+03 1.84546e+30
5.00712e+03 1.84222e+30
5.00742e+03 1.83368e+30
5.00772e+03 1.81993e+30
5.00802e+03 1.80110e+30
5.00832e+03 1.77744e+30
5.00862e+03 1.74912e+30
5.00892e+03 1.71645e+30
5.00922e+03 1.67981e+30
5.00952e+03 1.63955e+30
5.00982e+03 1.60074e+30
5.01000e+03 1.57121e+30
5.01012e+03 1.54290e+30
5.01042e+03 1.50131e+30
5.01073e+03 1.45085e+30
5.01103e+03 1.39892e+30
5.01133e+03 1.34591e+30
5.01163e+03 1.29222e+30
5.01193e+03 1.23830e+30
5.01223e+03 1.18456e+30
5.01253e+03 1.13133e+30
5.01283e+03 1.07897e+30
5.01313e+03 1.02775e+30
5.01343e+03 9.77951e+29
5.01373e+03 9.29840e+29
5.01403e+03 8.83625e+29
5.01433e+03 8.39446e+29
5.01463e+03 7.97423e+29
5.01493e+03 7.57656e+29
5.01523e+03 7.20242e+29
5.01553e+03 6.85217e+29
5.01583e+03 6.52570e+29
5.01613e+03 6.22276e+29
5.01643e+03 5.94293e+29
5.01673e+03 5.68591e+29
5.01703e+03 5.45086e+29
5.01733e+03 5.23683e+29
5.01763e+03 5.04273e+29
5.01793e+03 4.86745e+29
5.01823e+03 4.71006e+29
5.01854e+03 4.56930e+29
5.01884e+03 4.44393e+29
5.01914e+03 4.33271e+29
5.01944e+03 4.23449e+29
5.01974e+03 4.14818e+29
5.02004e+03 4.07269e+29
5.02034e+03 4.00690e+29
5.02064e+03 3.94982e+29
5.02094e+03 3.90052e+29
5.02124e+03 3.85816e+29
5.02154e+03 3.82195e+29
5.02184e+03 3.79113e+29
5.02214e+03 3.76502e+29
5.02244e+03 3.74302e+29
5.02274e+03 3.72457e+29
5.02304e+03 3.70924e+29
5.02334e+03 3.69654e+29
5.02364e+03 3.68608e+29
5.02394e+03 3.67757e+29
5.02424e+03 3.67071e+29
5.02454e+03 3.66522e+29
5.02484e+03 3.66089e+29
5.02514e+03 3.65755e+29
5.02544e+03 3.65499e+29
5.02574e+03 3.65313e+29
5.02604e+03 3.65182e+29
5.02635e+03 3.65098e+29
5.02665e+03 3.65049e+29
5.02695e+03 3.65032e+29
5.02725e+03 3.65039e+29
5.02755e+03 3.65068e+29
5.02785e+03 3.65111e+29
5.02815e+03 3.65169e+29
5.02845e+03 3.65237e+29
5.02875e+03 3.65313e+29
5.02905e+03 3.65396e+29
5.02935e+03 3.65484e+29
5.02965e+03 3.65574e+29
5.02995e+03 3.65670e+29
5.03000e+03 3.65684e+29
5.03025e+03 3.65643e+29
5.03055e+03 3.65594e+29
5.03085e+03 3.65544e+29
5.03115e+03 3.65499e+29
5.03145e+03 3.65451e+29
5.03175e+03 3.65406e+29
5.03205e+03 3.65362e+29
5.03235e+03 3.65318e+29
5.03265e+03 3.65273e+29
5.03295e+03 3.65228e+29
5.03325e+03 3.65185e+29
5.03355e+03 3.65142e+29
5.03385e+03 3.65098e+29
5.03416e+03 3.65055e+29
5.03446e+03 3.65011e+29
5.03476e+03 3.64967e+29
5.03506e+03 3.64925e+29
5.03536e+03 3.64881e+29
5.03566e+03 3.64838e+29
5.03596e+03 3.64794e+29
5.03626e+03 3.64750e+29
5.05000e+03 3.63522e+29
5.07000e+03 3.71054e+29
5.09000e+03 3.68615e+29
5.11000e+03 3.71168e+29
5.13000e+03 3.69371e+29
5.15000e+03 3.68091e+29
5.17000e+03 3.66698e+29
5.19000e+03 3.70160e+29
5.21000e+03 3.71236e+29
5.23000e+03 3.73376e+29
5.25000e+03 3.76513e+29
5.27000e+03 3.67893e+29
5.29000e+03 3.78314e+29
5.31000e+03 3.81723e+29
5.33000e+03 3.75322e+29
5.35000e+03 3.84222e+29
5.37000e+03 3.85472e+29
5.39000e+03 3.84868e+29
5.41000e+03 3.84678e+29
5.43000e+03 3.86504e+29
5.45000e+03 3.91420e+29
5.47000e+03 3.88891e+29
5.49000e+03 3.89287e+29
5.51000e+03 3.89140e+29
5.53000e+03 3.91539e+29
5.55000e+03 3.93593e+29
5.57000e+03 3.91697e+29
5.59000e+03 3.90447e+29
5.61000e+03 3.93941e+29
5.63000e+03 3.94236e+29
5.65000e+03 3.94570e+29
5.67000e+03 3.92445e+29
5.69000e+03 3.96623e+29
5.71000e+03 3.92841e+29
5.73000e+03 4.01482e+29
5.75000e+03 3.98720e+29
5.77000e+03 3.99342e+29
5.79000e+03 3.95662e+29
5.81000e+03 3.99301e+29
5.83000e+03 4.02099e+29
5.85000e+03 3.99330e+29
5.87000e+03 4.06358e+29
5.89000e+03 3.93174e+29
5.91000e+03 4.01439e+29
5.93000e+03 4.02922e+29
5.95000e+03 4.03170e+29
5.97000e+03 4.06738e+29
5.99000e+03 4.05173e+29
6.01000e+03 4.04273e+29
6.03000e+03 4.06624e+29
6.05000e+03 4.08307e+29
6.07000e+03 4.07311e+29
6.09000e+03 4.03496e+29
6.11000e+03 4.03773e+29
6.13000e+03 3.97870e+29
6.15000e+03 3.99780e+29
6.17000e+03 3.95853e+29
6.19000e+03 4.01089e+29
6.21000e+03 3.99730e+29
6.23000e+03 3.95133e+29
6.25000e+03 3.89797e+29
6.27000e+03 3.97060e+29
6.29000e+03 4.03125e+29
6.31000e+03 3.96853e+29
6.33000e+03 3.91860e+29
6.35000e+03 3.92493e+29
6.37000e+03 3.94259e+29
6.39000e+03 3.98134e+29
6.41000e+03 3.97686e+29
6.43000e+03 4.01022e+29
6.45000e+03 4.02912e+29
6.47000e+03 4.04769e+29
6.49000e+03 4.02392e+29
6.51000e+03 4.04451e+29
6.52364e+03 4.05645e+29
6.52404e+03 4.05679e+29
6.52443e+03 4.05711e+29
6.52482e+03 4.05743e+29
6.52522e+03 4.05778e+29
6.52561e+03 4.05809e+29
6.52600e+03 4.05843e+29
6.52640e+03 4.05876e+29
6.52679e+03 4.05910e+29
6.52719e+03 4.05943e+29
6.52758e+03 4.05976e+29
6.52797e+03 4.06010e+29
6.52837e+03 4.06046e+29
6.52876e+03 4.06080e+29
6.52915e+03 4.06118e+29
6.52955e+03 4.06154e+29
6.52994e+03 4.06192e+29
6.53000e+03 4.06202e+29
6.53034e+03 4.06236e+29
6.53073e+03 4.06282e+29
6.53112e+03 4.06330e+29
6.53152e+03 4.06385e+29
6.53191e+03 4.06444e+29
6.53230e+03 4.06515e+29
6.53270e+03 4.06596e+29
6.53309e+03 4.06690e+29
6.53349e+03 4.06804e+29
6.53388e+03 4.06942e+29
6.53427e+03 4.07111e+29
6.53467e+03 4.07316e+29
6.53506e+03 4.07570e+29
6.53546e+03 4.07886e+29
6.53585e+03 4.08275e+29
6.53624e+03 4.08759e+29
6.53664e+03 4.09359e+29
6.53703e+03 4.10103e+29
6.53742e+03 4.11023e+29
6.53782e+03 4.12162e+29
6.53821e+03 4.13562e+29
6.53860e+03 4.15284e+29
6.53900e+03 4.17393e+29
6.53939e+03 4.19971e+29
6.53979e+03 4.23106e+29
6.54018e+03 4.26911e+29
6.54057e+03 4.31510e+29
6.54097e+03 4.37049e+29
6.54136e+03 4.43697e+29
6.54176e+03 4.51642e+29
6.54215e+03 4.61103e+29
6.54254e+03 4.72333e+29
6.54294e+03 4.85605e+29
6.54333e+03 5.01229e+29
6.54372e+03 5.19552e+29
6.54412e+03 5.40955e+29
6.54451e+03 5.65855e+29
6.54491e+03 5.94709e+29
6.54530e+03 6.28007e+29
6.54569e+03 6.66277e+29
6.54609e+03 7.10091e+29
6.54648e+03 7.60038e+29
6.54687e+03 8.16726e+29
6.54727e+03 8.80822e+29
6.54766e+03 9.53004e+29
6.54806e+03 1.03392e+30
6.54845e+03 1.12429e+30
6.54884e+03 1.22471e+30
6.54924e+03 1.33585e+30
6.54963e+03 1.45625e+30
6.55000e+03 1.55330e+30
6.55002e+03 1.62553e+30
6.55042e+03 1.73940e+30
6.55081e+03 1.89893e+30
6.55121e+03 2.07156e+30
6.55160e+03 2.25752e+30
6.55199e+03 2.45684e+30
6.55239e+03 2.66951e+30
6.55278e+03 2.89521e+30
6.55317e+03 3.13363e+30
6.55357e+03 3.38424e+30
6.55396e+03 3.64621e+30
6.55436e+03 3.91860e+30
6.55475e+03 4.20023e+30
6.55514e+03 4.48974e+30
6.55554e+03 4.78557e+30
6.55593e+03 5.08599e+30
6.55633e+03 5.38906e+30
6.55672e+03 5.69274e+30
6.55711e+03 5.99479e+30
6.55751e+03 6.29290e+30
6.55790e+03 6.58455e+30
6.55829e+03 6.86742e+30
6.55869e+03 7.13906e+30
6.55908e+03 7.39695e+30
6.55948e+03 7.63866e+30
6.55987e+03 7.86188e+30
6.56026e+03 8.06439e+30
6.56066e+03 8.24417e+30
6.56105e+03 8.39939e+30
6.56144e+03 8.52839e+30
6.56184e+03 8.62988e+30
6.56223e+03 8.70271e+30
6.56263e+03 8.74618e+30
6.56302e+03 8.75976e+30
6.56341e+03 8.74335e+30
6.56381e+03 8.69711e+30
6.56420e+03 8.62153e+30
6.56459e+03 8.51742e+30
6.56499e+03 8.38587e+30
6.56538e+03 8.22831e+30
6.56578e+03 8.04633e+30
6.56617e+03 7.84177e+30
6.56656e+03 7.61676e+30
6.56696e+03 7.37345e+30
6.56735e+03 7.11419e+30
6.56775e+03 6.84141e+30
6.56814e+03 6.55766e+30
6.56853e+03 6.26532e+30
6.56893e+03 5.96683e+30
6.56932e+03 5.66456e+30
6.56971e+03 5.38164e+30
6.57000e+03 5.17493e+30
6.57011e+03 5.00311e+30
6.57050e+03 4.75807e+30
6.57090e+03 4.46283e+30
6.57129e+03 4.17407e+30
6.57168e+03 3.89333e+30
6.57208e+03 3.62197e+30
6.57247e+03 3.36111e+30
6.57286e+03 3.11168e+30
6.57326e+03 2.87455e+30
6.57365e+03 2.65013e+30
6.57405e+03 2.43880e+30
6.57444e+03 2.24080e+30
6.57483e+03 2.05621e+30
6.57523e+03 1.88490e+30
6.57562e+03 1.72668e+30
6.57601e+03 1.58122e+30
6.57641e+03 1.44809e+30
6.57680e+03 1.32680e+30
6.57720e+03 1.21677e+30
6.57759e+03 1.11740e+30
6.57798e+03 1.02805e+30
6.57838e+03 9.48049e+29
6.57877e+03 8.76730e+29
6.57916e+03 8.13437e+29
6.57956e+03 7.57486e+29
6.57995e+03 7.08214e+29
6.58035e+03 6.65021e+29
6.58074e+03 6.27311e+29
6.58113e+03 5.94526e+29
6.58153e+03 5.66137e+29
6.58192e+03 5.41655e+29
6.58231e+03 5.20628e+29
6.58271e+03 5.02645e+29
6.58310e+03 4.87322e+29
6.58350e+03 4.74315e+29
6.58389e+03 4.63321e+29
6.58428e+03 4.54070e+29
6.58468e+03 4.46316e+29
6.58507e+03 4.39839e+29
6.58546e+03 4.34452e+29
6.58586e+03 4.29992e+29
6.58625e+03 4.26312e+29
6.58665e+03 4.23291e+29
6.58704e+03 4.20820e+29
6.58743e+03 4.18807e+29
6.58783e+03 4.17175e+29
6.58822e+03 4.15856e+29
6.58862e+03 4.14798e+29
6.58901e+03 4.13951e+29
6.58940e+03 4.13278e+29
6.58980e+03 4.12806e+29
6.59000e+03 4.12522e+29
6.59019e+03 4.12277e+29
6.59058e+03 4.12003e+29
6.59098e+03 4.11753e+29
6.59137e+03 4.11558e+29
6.59177e+03 4.11411e+29
6.59216e+03 4.11305e+29
6.59255e+03 4.11226e+29
6.59295e+03 4.11169e+29
6.59334e+03 4.11131e+29
6.59373e+03 4.11107e+29
6.59413e+03 4.11095e+29
6.59452e+03 4.11091e+29
6.59492e+03 4.11093e+29
6.59531e+03 4.11101e+29
6.59570e+03 4.11112e+29
6.59610e+03 4.11126e+29
6.59649e+03 4.11144e+29
6.59688e+03 4.11162e+29
6.59728e+03 4.11182e+29
6.59767e+03 4.11201e+29
6.59807e+03 4.11224e+29
6.59846e+03 4.11246e+29
6.59885e+03 4.11267e+29
6.59925e+03 4.11291e+29
6.59964e+03 4.11313e+29
6.60004e+03 4.11336e+29
6.60043e+03 4.11359e+29
6.60082e+03 4.11382e+29
6.60122e+03 4.11404e+29
6.60161e+03 4.11428e+29
6.60200e+03 4.11451e+29
6.61000e+03 4.11924e+29
6.63000e+03 4.13109e+29
6.65000e+03 4.14295e+29
6.67000e+03 4.15488e+29
6.69000e+03 4.16735e+29
6.71000e+03 4.18272e+29
6.73000e+03 4.19805e+29
6.75000e+03 4.21592e+29
6.77000e+03 4.23487e+29
6.79000e+03 4.25389e+29
6.81000e+03 4.27297e+29
6.83000e+03 4.30469e+29
6.85000e+03 4.28514e+29
6.87000e+03 4.32424e+29
6.89000e+03 4.36814e+29
6.91000e+03 4.37522e+29
6.93000e+03 4.38084e+29
6.95000e+03 4.38133e+29
6.97000e+03 4.42165e+29
6.99000e+03 4.43078e+29
7.01000e+03 4.42045e+29
7.03000e+03 4.47016e+29
7.05000e+03 4.50245e+29
7.07000e+03 4.46789e+29
7.09000e+03 4.48149e+29
7.11000e+03 4.46118e+29
7.13000e+03 4.76513e+29
7.15000e+03 4.49455e+29
7.17000e+03 4.46800e+29
7.19000e+03 4.41301e+29
7.21000e+03 4.45124e+29
7.23000e+03 4.47411e+29
7.25000e+03 4.48485e+29
7.27000e+03 4.48675e+29
7.29000e+03 4.44127e+29
7.31000e+03 4.48667e+29
7.33000e+03 4.57289e+29
7.35000e+03 4.50569e+29
7.37000e+03 4.54769e+29
7.39000e+03 4.50952e+29
7.41000e+03 4.49052e+29
7.43000e+03 4.53781e+29
7.45000e+03 4.54365e+29
7.47000e+03 4.56382e+29
7.49000e+03 4.56019e+29
7.51000e+03 4.58082e+29
7.53000e+03 4.62105e+29
7.55000e+03 4.64970e+29
7.57000e+03 4.65279e+29
7.59000e+03 4.63977e+29
7.61000e+03 4.63369e+29
7.63000e+03 4.60398e+29
7.65000e+03 4.58877e+29
7.67000e+03 4.52990e+29
7.69000e+03 4.59565e+29
7.71000e+03 4.56468e+29
7.73000e+03 4.59687e+29
7.75000e+03 4.59819e+29
7.77000e+03 4.62481e+29
7.79000e+03 4.65931e+29
7.81000e+03 4.67476e+29
7.83000e+03 4.66088e+29
7.85000e+03 4.63783e+29
7.87000e+03 4.64737e+29
7.89000e+03 4.59187e+29
7.91000e+03 4.53167e+29
7.93000e+03 4.53633e+29
7.95000e+03 4.50915e+29
7.97000e+03 4.57704e+29
7.99000e+03 4.56228e+29
8.01000e+03 4.61763e+29
8.03000e+03 4.61755e+29
8.05000e+03 4.60447e+29
8.07000e+03 4.62662e+29
8.09000e+03 4.60477e+29
8.11000e+03 4.62859e+29
8.13000e+03 4.67827e+29
8.15000e+03 4.70888e+29
8.17000e+03 4.74515e+29
8.19000e+03 4.71754e+29
8.21000e+03 4.66708e+29
8.23000e+03 4.68279e+29
8.25000e+03 4.69838e+29
8.27000e+03 4.72067e+29
8.29000e+03 4.70427e+29
8.31000e+03 4.64614e+29
8.33000e+03 4.61930e+29
8.35000e+03 4.65214e+29
8.37000e+03 4.64872e+29
8.39000e+03 4.60217e+29
8.41000e+03 4.67593e+29
8.43000e+03 4.60309e+29
8.45000e+03 4.57598e+29
8.47000e+03 4.51493e+29
8.49000e+03 4.61685e+29
8.51000e+03 4.38367e+29
8.53000e+03 4.64555e+29
8.55000e+03 4.11095e+29
8.57000e+03 4.77175e+29
8.59000e+03 4.60603e+29
8.61000e+03 4.59395e+29
8.63000e+03 4.85347e+29
8.65000e+03 4.76008e+29
8.67000e+03 4.15203e+29
8.69000e+03 4.80171e+29
8.71000e+03 4.93289e+29
8.73000e+03 4.88706e+29
8.75000e+03 4.54201e+29
8.77000e+03 4.84792e+29
8.79000e+03 5.00098e+29
8.81000e+03 4.98173e+29
8.83000e+03 4.96477e+29
8.85000e+03 4.81205e+29
8.87000e+03 4.51266e+29
8.89000e+03 4.85858e+29
8.91000e+03 4.93811e+29
8.93000e+03 4.92000e+29
8.95000e+03 4.91977e+29
8.97000e+03 4.92462e+29
8.99000e+03 4.87803e+29
9.01000e+03 4.53959e+29
9.03000e+03 4.75277e+29
9.05000e+03 4.91870e+29
9.07000e+03 4.92324e+29
9.09000e+03 4.92813e+29
9.11000e+03 4.93304e+29
9.13000e+03 4.93794e+29
9.15000e+03 4.94285e+29
9.17000e+03 4.94778e+29
9.19000e+03 4.95270e+29
9.21000e+03 4.94083e+29
9.23000e+03 4.59322e+29
9.25000e+03 4.83844e+29
9.27000e+03 4.95649e+29
9.29000e+03 4.96173e+29
9.31000e+03 4.98659e+29
9.33000e+03 5.01431e+29
9.35000e+03 5.00222e+29
9.37000e+03 4.96892e+29
9.39000e+03 5.03464e+29
9.41000e+03 4.98143e+29
9.43000e+03 5.04619e+29
9.45000e+03 5.02681e+29
9.47000e+03 5.07121e+29
9.49000e+03 5.06032e+29
9.51000e+03 4.98501e+29
9.53000e+03 4.92591e+29
9.55000e+03 4.68630e+29
9.57000e+03 4.93610e+29
9.59000e+03 5.04772e+29
9.61000e+03 5.03003e+29
9.63000e+03 5.05074e+29
9.65000e+03 5.02090e+29
9.67000e+03 5.02060e+29
9.69000e+03 5.05904e+29
9.71000e+03 5.01076e+29
9.73000e+03 4.98314e+29
9.75000e+03 4.97333e+29
9.77000e+03 4.98717e+29
9.79000e+03 4.95351e+29
9.81000e+03 5.00551e+29
9.83000e+03 4.98636e+29
9.85000e+03 4.99744e+29
9.87000e+03 4.98099e+29
9.89000e+03 4.97660e+29
9.91000e+03 4.97512e+29
9.93000e+03 4.98586e+29
9.95000e+03 4.99346e+29
9.97000e+03 4.99171e+29
9.99000e+03 4.97741e+29
1.00250e+04 4.88590e+29
1.00750e+04 4.81035e+29
1.01250e+04 4.96709e+29
1.01750e+04 4.94353e+29
1.02250e+04 4.96680e+29
1.02750e+04 4.99507e+29
1.03250e+04 5.30561e+29
1.03750e+04 4.97802e+29
1.04250e+04 5.01628e+29
1.04750e+04 4.98687e+29
1.05250e+04 4.97985e+29
1.05750e+04 4.93388e+29
1.06250e+04 4.92441e+29
1.06750e+04 4.92658e+29
1.07250e+04 4.96500e+29
1.07750e+04 4.95532e+29
1.08250e+04 5.41142e+29
1.08750e+04 4.91625e+29
1.09250e+04 4.88230e+29
1.09750e+04 4.85181e+29
1.10250e+04 4.89340e+29
1.10750e+04 4.85645e+29
1.11250e+04 4.86772e+29
1.11750e+04 4.85929e+29
1.12250e+04 4.88108e+29
1.12750e+04 4.85963e+29
1.13250e+04 4.86475e+29
1.13750e+04 4.86769e+29
1.14250e+04 4.84335e+29
1.14750e+04 4.87823e+29
1.15250e+04 4.86160e+29
1.15750e+04 4.82019e+29
1.16250e+04 4.76593e+29
1.16750e+04 4.75583e+29
1.17250e+04 4.76171e+29
1.17750e+04 4.68916e+29
1.18250e+04 4.65294e+29
1.18750e+04 4.58300e+29
1.19250e+04 4.62456e+29
1.19750e+04 4.52422e+29
1.20250e+04 4.58211e+29
1.20750e+04 4.57260e+29
1.21250e+04 4.60531e+29
1.21750e+04 4.64230e+29
1.22250e+04 4.65744e+29
1.22750e+04 4.65881e+29
1.23250e+04 4.67733e+29
1.23750e+04 4.69545e+29
1.24250e+04 4.69027e+29
1.24750e+04 4.70273e+29
1.25250e+04 4.70997e+29
1.25750e+04 4.72467e+29
1.26250e+04 4.73603e+29
1.26750e+04 4.74715e+29
1.27250e+04 4.76283e+29
1.27750e+04 4.77544e+29
1.28250e+04 4.97323e+29
1.28750e+04 4.70173e+29
1.29250e+04 4.68724e+29
1.29750e+04 4.71456e+29
1.30250e+04 4.68377e+29
1.30750e+04 4.69044e+29
1.31250e+04 4.63777e+29
1.31750e+04 4.62734e+29
1.32250e+04 4.62887e+29
1.32750e+04 4.58052e+29
1.33250e+04 4.59535e+29
1.33750e+04 4.56724e+29
1.34250e+04 4.57953e+29
1.34750e+04 4.55638e+29
1.35250e+04 4.54337e+29
1.35750e+04 4.49762e+29
1.36250e+04 4.48689e+29
1.36750e+04 4.49408e+29
1.37250e+04 4.49407e+29
1.37750e+04 4.48427e+29
1.38250e+04 4.47853e+29
1.38750e+04 4.44007e+29
1.39250e+04 4.32356e+29
1.39750e+04 4.30693e+29
1.40250e+04 4.26710e+29
1.40750e+04 4.28222e+29
1.41250e+04 4.24339e+29
1.41750e+04 4.25766e+29
1.42250e+04 4.21545e+29
1.42750e+04 4.18338e+29
1.43250e+04 4.22326e+29
1.43750e+04 4.22975e+29
1.44250e+04 4.15621e+29
1.44750e+04 4.21043e+29
1.45250e+04 4.17099e+29
1.45700e+04 4.18362e+29
1.46200e+04 4.12557e+29
1.46750e+04 4.11284e+29
1.47250e+04 4.07500e+29
1.47750e+04 4.09261e+29
1.48250e+04 4.09249e+29
1.48750e+04 4.06822e+29
1.49250e+04 4.11937e+29
1.49750e+04 4.08902e+29
1.50250e+04 4.06880e+29
1.50750e+04 4.04835e+29
1.51250e+04 4.09191e+29
1.51750e+04 4.09786e+29
1.52250e+04 4.09912e+29
1.52750e+04 4.09244e+29
1.53250e+04 4.08322e+29
1.53750e+04 4.10618e+29
1.54250e+04 4.07147e+29
1.54750e+04 4.10908e+29
1.55250e+04 4.09144e+29
1.55750e+04 3.93997e+29
1.56250e+04 3.99596e+29
1.56750e+04 3.99278e+29
1.57250e+04 4.03042e+29
1.57750e+04 3.88776e+29
1.58250e+04 3.86905e+29
1.58750e+04 3.82257e+29
1.59250e+04 3.98026e+29
1.59750e+04 3.90469e+29
1.60500e+04 3.87345e+29
1.61500e+04 3.90310e+29
1.62500e+04 3.84782e+29
1.63500e+04 3.95004e+29
1.64500e+04 3.83637e+29
1.65500e+04 3.90958e+29
1.66500e+04 3.80533e+29
1.67500e+04 3.83069e+29
1.68500e+04 3.73390e+29
1.69500e+04 3.80112e+29
1.70500e+04 3.76106e+29
1.71500e+04 3.73004e+29
1.72500e+04 3.69701e+29
1.73500e+04 3.56459e+29
1.74500e+04 3.59573e+29
1.75500e+04 3.55172e+29
1.76500e+04 3.51178e+29
1.77500e+04 3.45184e+29
1.78500e+04 3.42083e+29
1.79500e+04 3.37050e+29
1.80500e+04 3.30121e+29
1.81500e+04 3.23386e+29
1.82500e+04 3.21999e+29
1.83500e+04 3.18520e+29
1.84500e+04 3.14060e+29
1.85500e+04 3.10898e+29
1.86500e+04 3.04814e+29
1.87500e+04 3.79572e+29
1.88500e+04 2.98006e+29
1.89500e+04 2.90859e+29
1.90500e+04 2.92391e+29
1.91500e+04 2.87687e+29
1.92500e+04 2.84916e+29
1.93500e+04 2.79094e+29
1.94500e+04 2.76432e+29
1.95500e+04 2.72242e+29
1.96500e+04 2.68187e+29
1.97500e+04 2.62968e+29
1.98500e+04 2.60399e+29
1.99500e+04 2.57499e+29
2.00500e+04 2.56000e+29
2.01500e+04 2.53113e+29
2.02500e+04 2.48218e+29
2.03500e+04 2.45417e+29
2.04500e+04 2.44799e+29
2.05500e+04 2.42434e+29
2.06500e+04 2.38146e+29
2.07500e+04 2.35915e+29
2.08500e+04 2.33279e+29
2.09500e+04 2.29923e+29
2.10500e+04 2.28791e+29
2.11500e+04 2.25539e+29
2.12500e+04 2.25101e+29
2.13500e+04 2.21137e+29
2.14500e+04 2.18513e+29
2.15500e+04 2.15551e+29
2.16500e+04 2.17734e+29
2.17500e+04 2.09548e+29
2.18500e+04 2.07544e+29
2.19500e+04 2.05682e+29
2.20500e+04 2.01804e+29
2.21500e+04 2.01035e+29
2.22500e+04 1.97287e+29
2.23500e+04 1.95210e+29
2.24500e+04 1.93040e+29
2.25500e+04 1.91052e+29
2.26500e+04 1.88116e+29
2.27500e+04 1.87234e+29
2.28500e+04 1.84223e+29
2.29500e+04 1.60245e+29
2.30500e+04 1.69229e+29
2.31500e+04 1.68432e+29
2.32500e+04 1.48530e+29
2.33500e+04 1.58397e+29
2.34500e+04 1.53531e+29
2.35500e+04 1.38893e+29
2.36500e+04 1.48910e+29
2.37500e+04 1.44542e+29
2.38500e+04 1.33186e+29
2.39500e+04 1.40901e+29
2.40500e+04 1.39187e+29
2.41500e+04 1.29226e+29
2.42500e+04 1.34596e+29
2.43500e+04 1.32316e+29
2.44500e+04 1.26377e+29
2.45500e+04 1.26049e+29
2.46500e+04 1.27288e+29
2.47500e+04 1.23102e+29
2.48500e+04 1.14136e+29
2.49500e+04 1.13134e+29
2.50500e+04 1.15578e+29
2.51500e+04 1.08705e+29
2.52500e+04 1.11415e+29
2.53500e+04 1.11995e+29
2.54500e+04 1.10421e+29
2.55500e+04 1.09556e+29
2.56500e+04 1.09678e+29
2.57500e+04 1.11163e+29
2.58500e+04 1.07734e+29
2.59500e+04 1.08762e+29
2.60500e+04 1.09061e+29
2.61500e+04 1.06972e+29
2.62500e+04 1.17821e+29
2.63500e+04 1.06820e+29
2.64500e+04 1.06448e+29
2.65500e+04 1.05148e+29
2.66500e+04 1.03744e+29
2.67500e+04 1.04494e+29
2.68500e+04 1.04303e+29
2.69500e+04 1.02497e+29
2.70500e+04 1.02961e+29
2.71500e+04 1.02280e+29
2.72500e+04 1.02169e+29
2.73500e+04 1.00228e+29
2.74500e+04 1.00492e+29
2.75500e+04 9.96904e+28
2.76500e+04 9.90766e+28
2.77500e+04 9.80668e+28
2.78500e+04 9.81257e+28
2.79500e+04 9.80756e+28
2.80500e+04 9.72742e+28
2.81500e+04 9.60105e+28
2.82500e+04 9.57000e+28
2.83500e+04 9.54460e+28
2.84500e+04 9.45300e+28
2.85500e+04 9.33600e+28
2.86500e+04 9.22800e+28
2.87500e+04 9.07300e+28
2.88500e+04 9.05000e+28
2.89500e+04 8.95800e+28
2.90500e+04 8.85600e+28
2.91500e+04 8.77600e+28
2.92500e+04 8.63900e+28
2.93500e+04 8.59600e+28
2.94500e+04 8.47100e+28
2.95500e+04 8.38500e+28
2.96500e+04 8.31700e+28
2.97500e+04 8.22700e+28
2.98500e+04 8.12300e+28
2.99500e+04 8.03500e+28
3.00500e+04 7.95000e+28
3.01500e+04 7.89000e+28
3.02500e+04 7.80000e+28
3.03500e+04 7.65200e+28
3.04500e+04 7.63500e+28
3.05500e+04 7.57700e+28
3.06500e+04 7.50700e+28
3.07500e+04 7.44800e+28
3.08500e+04 7.36200e+28
3.09500e+04 7.29900e+28
3.10500e+04 7.24900e+28
3.11500e+04 7.14600e+28
3.12500e+04 7.10200e+28
3.13500e+04 7.03600e+28
3.14500e+04 6.96600e+28
3.15500e+04 6.89100e+28
3.16500e+04 6.82100e+28
3.17500e+04 6.77100e+28
3.18500e+04 6.70600e+28
3.19500e+04 6.65100e+28
3.21000e+04 6.55100e+28
3.23000e+04 6.42400e+28
3.25000e+04 6.30200e+28
3.27000e+04 6.17600e+28
3.29000e+04 6.01600e+28
3.31000e+04 5.92400e+28
3.33000e+04 5.80800e+28
3.35000e+04 5.70500e+28
3.37000e+04 5.58600e+28
3.39000e+04 5.46600e+28
3.41000e+04 5.35200e+28
3.43000e+04 5.25400e+28
3.45000e+04 5.15000e+28
3.47000e+04 5.04400e+28
3.49000e+04 4.94300e+28
3.51000e+04 4.84600e+28
3.53000e+04 4.74100e+28
3.55000e+04 4.65000e+28
3.57000e+04 4.55200e+28
3.59000e+04 4.46400e+28
3.61000e+04 4.37700e+28
3.63000e+04 4.29400e+28
3.65000e+04 4.19500e+28
3.67000e+04 4.11700e+28
3.69000e+04 4.01800e+28
3.71000e+04 3.94000e+28
3.73000e+04 3.86800e+28
3.75000e+04 3.76600e+28
3.77000e+04 3.72600e+28
3.79000e+04 3.65200e+28
3.81000e+04 3.58000e+28
3.83000e+04 3.51800e+28
3.85000e+04 3.45600e+28
3.87000e+04 3.38100e+28
3.89000e+04 3.31800e+28
3.91000e+04 3.25200e+28
3.93000e+04 3.19900e+28
3.95000e+04 3.13000e+28
3.97000e+04 3.07300e+28
3.99000e+04 3.00400e+28
4.01000e+04 2.95300e+28
4.03000e+04 2.90100e+28
4.05000e+04 4.36273e+28
4.07000e+04 2.79803e+28
4.09000e+04 2.75000e+28
4.11000e+04 2.70300e+28
4.13000e+04 2.65700e+28
4.15000e+04 2.60600e+28
4.17000e+04 2.55200e+28
4.19000e+04 2.51400e+28
4.21000e+04 2.46700e+28
4.23000e+04 2.43300e+28
4.25000e+04 2.38600e+28
4.27000e+04 2.34900e+28
4.29000e+04 2.22900e+28
4.31000e+04 2.12300e+28
4.33000e+04 2.13000e+28
4.35000e+04 2.02600e+28
4.37000e+04 1.97100e+28
4.39000e+04 1.93400e+28
4.41000e+04 1.84000e+28
4.43000e+04 1.82600e+28
4.45000e+04 1.78500e+28
4.47000e+04 1.71000e+28
4.49000e+04 1.72100e+28
4.51000e+04 1.67400e+28
4.53000e+04 1.61900e+28
4.55000e+04 1.61800e+28
4.57000e+04 1.59500e+28
4.59000e+04 1.53300e+28
4.61000e+04 1.54500e+28
4.63000e+04 1.50900e+28
4.65000e+04 1.48600e+28
4.67000e+04 1.47300e+28
4.69000e+04 1.45200e+28
4.71000e+04 1.42300e+28
4.73000e+04 1.42600e+28
4.75000e+04 1.39600e+28
4.77000e+04 1.37700e+28
4.79000e+04 1.35800e+28
4.81000e+04 1.32700e+28
4.83000e+04 1.33300e+28
4.85000e+04 1.30700e+28
4.87000e+04 1.28100e+28
4.89000e+04 1.26800e+28
4.91000e+04 1.24700e+28
4.93000e+04 1.23000e+28
4.95000e+04 1.21000e+28
4.97000e+04 1.20200e+28
4.99000e+04 1.18300e+28
5.01000e+04 1.17100e+28
5.03000e+04 1.15500e+28
5.05000e+04 1.12900e+28
5.07000e+04 1.11900e+28
5.09000e+04 1.10600e+28
5.11000e+04 1.08600e+28
5.13000e+04 1.07100e+28
5.15000e+04 1.05800e+28
5.17000e+04 1.05500e+28
5.19000e+04 1.03500e+28
5.21000e+04 1.02100e+28
5.23000e+04 1.00600e+28
5.25000e+04 9.98200e+27
5.27000e+04 9.95000e+27
5.29000e+04 9.69500e+27
5.31000e+04 9.55500e+27
5.33000e+04 9.48800e+27
5.35000e+04 9.36700e+27
5.37000e+04 9.25700e+27
5.39000e+04 9.15800e+27
5.41000e+04 9.04400e+27
5.43000e+04 8.88500e+27
5.45000e+04 8.84300e+27
5.47000e+04 8.68700e+27
5.49000e+04 8.60900e+27
5.51000e+04 8.47100e+27
5.53000e+04 8.50100e+27
5.55000e+04 8.27100e+27
5.57000e+04 8.25700e+27
5.59000e+04 8.11300e+27
5.61000e+04 8.06300e+27
5.63000e+04 7.90400e+27
5.65000e+04 7.87000e+27
5.67000e+04 7.76700e+27
5.69000e+04 7.62200e+27
5.71000e+04 7.59500e+27
5.73000e+04 7.50500e+27
5.75000e+04 7.41000e+27
5.77000e+04 7.31300e+27
5.79000e+04 7.26300e+27
5.81000e+04 7.15300e+27
5.83000e+04 7.07500e+27
5.85000e+04 6.99000e+27
5.87000e+04 6.88100e+27
5.89000e+04 6.81000e+27
5.91000e+04 6.71100e+27
5.93000e+04 6.66700e+27
5.95000e+04 6.57300e+27
5.97000e+04 6.52200e+27
5.99000e+04 6.44600e+27
6.01000e+04 6.37200e+27
6.03000e+04 6.29500e+27
6.05000e+04 6.20300e+27
6.07000e+04 6.13700e+27
6.09000e+04 6.06300e+27
6.11000e+04 5.98600e+27
6.13000e+04 5.93100e+27
6.15000e+04 5.86800e+27
6.17000e+04 5.81600e+27
6.19000e+04 5.74400e+27
6.21000e+04 5.68800e+27
6.23000e+04 5.61000e+27
6.25000e+04 5.53100e+27
6.27000e+04 5.47200e+27
6.29000e+04 5.41300e+27
6.31000e+04 5.35000e+27
6.33000e+04 5.30600e+27
6.35000e+04 5.23600e+27
6.37000e+04 5.19500e+27
6.39000e+04 5.11500e+27
6.42000e+04 5.04100e+27
6.46000e+04 4.92200e+27
6.50000e+04 4.81600e+27
6.54000e+04 4.70800e+27
6.58000e+04 4.61100e+27
6.62000e+04 4.50600e+27
6.66000e+04 4.40900e+27
6.70000e+04 4.31600e+27
6.74000e+04 4.21900e+27
6.78000e+04 4.12800e+27
6.82000e+04 4.03800e+27
6.86000e+04 3.95500e+27
6.90000e+04 3.86800e+27
6.94000e+04 3.78700e+27
6.98000e+04 3.70700e+27
7.02000e+04 3.62800e+27
7.06000e+04 3.55300e+27
7.10000e+04 3.47800e+27
7.14000e+04 3.40700e+27
7.18000e+04 3.33500e+27
7.22000e+04 3.26800e+27
7.26000e+04 3.20000e+27
7.30000e+04 3.13500e+27
7.34000e+04 3.07000e+27
7.38000e+04 3.00900e+27
7.42000e+04 2.94300e+27
7.46000e+04 2.87700e+27
7.50000e+04 2.82000e+27
7.54000e+04 2.77000e+27
7.58000e+04 2.71700e+27
7.62000e+04 2.66400e+27
7.66000e+04 2.61200e+27
7.70000e+04 2.56000e+27
7.74000e+04 2.51100e+27
7.78000e+04 2.46200e+27
7.82000e+04 2.41500e+27
7.86000e+04 2.36900e+27
7.90000e+04 2.32400e+27
7.94000e+04 2.28000e+27
7.98000e+04 2.23700e+27
8.02000e+04 2.19400e+27
8.06000e+04 2.15300e+27
8.10000e+04 2.11400e+27
8.14000e+04 2.07400e+27
8.18000e+04 2.03600e+27
8.22000e+04 1.99900e+27
8.26000e+04 1.96200e+27
8.30000e+04 1.92700e+27
8.34000e+04 1.89100e+27
8.38000e+04 1.85800e+27
8.42000e+04 1.82500e+27
8.46000e+04 1.79200e+27
8.50000e+04 1.76000e+27
8.54000e+04 1.72900e+27
8.58000e+04 1.69900e+27
8.62000e+04 1.66900e+27
8.66000e+04 1.64100e+27
8.70000e+04 1.61200e+27
8.74000e+04 1.58400e+27
8.78000e+04 1.55700e+27
8.82000e+04 1.53000e+27
8.86000e+04 1.50400e+27
8.90000e+04 1.47800e+27
8.94000e+04 1.45400e+27
8.98000e+04 1.42900e+27
9.02000e+04 1.40500e+27
9.06000e+04 1.38200e+27
9.10000e+04 1.35800e+27
9.14000e+04 1.33500e+27
9.18000e+04 1.31400e+27
9.22000e+04 1.29300e+27
9.26000e+04 1.27100e+27
9.30000e+04 1.25100e+27
9.34000e+04 1.23000e+27
9.38000e+04 1.21100e+27
9.42000e+04 1.19100e+27
9.46000e+04 1.17200e+27
9.50000e+04 1.15400e+27
9.54000e+04 1.13600e+27
9.58000e+04 1.11800e+27
9.62000e+04 1.10000e+27
9.66000e+04 1.08300e+27
9.70000e+04 1.06600e+27
9.74000e+04 1.04900e+27
9.78000e+04 1.03300e+27
9.82000e+04 1.01800e+27
9.86000e+04 1.00200e+27
9.90000e+04 9.87100e+26
9.94000e+04 9.72000e+26
9.98000e+04 9.57300e+26
1.00200e+05 9.42900e+26
2.00000e+05 7.18800e+25
4.00000e+05 7.20500e+24
6.00000e+05 2.36600e+24
8.00000e+05 1.19100e+24
1.00000e+06 7.29200e+23
1.20000e+06 5.03500e+23
1.40000e+06 3.70400e+23
1.60000e+06 2.84800e+23
