9.10000e+01 1.66136e-03
9.40000e+01 1.64337e-03
9.60000e+01 1.66443e-03
9.80000e+01 1.67453e-03
1.00000e+02 1.68535e-03
1.02000e+02 1.69686e-03
1.04000e+02 1.70905e-03
1.06000e+02 1.72194e-03
1.08000e+02 1.73555e-03
1.10000e+02 1.76972e-03
1.14000e+02 1.78017e-03
1.18000e+02 1.80123e-03
1.21000e+02 1.84413e-03
1.25000e+02 1.84781e-03
1.27000e+02 1.87327e-03
1.28000e+02 1.91029e-03
1.31000e+02 1.89763e-03
1.32000e+02 1.93477e-03
1.34000e+02 1.95688e-03
1.37000e+02 1.98564e-03
1.40000e+02 2.02566e-03
1.43000e+02 2.07738e-03
1.47000e+02 2.12263e-03
1.51000e+02 2.17958e-03
1.55000e+02 2.23813e-03
1.59000e+02 2.28738e-03
1.62000e+02 2.36164e-03
1.66000e+02 2.42540e-03
1.70000e+02 2.49114e-03
1.73000e+02 2.57625e-03
1.77000e+02 2.63355e-03
1.80000e+02 2.69646e-03
1.82000e+02 2.77947e-03
1.86000e+02 2.85520e-03
1.91000e+02 2.92456e-03
1.94000e+02 3.02819e-03
1.98000e+02 3.10284e-03
2.02000e+02 3.17920e-03
2.05000e+02 3.29021e-03
2.10000e+02 3.39643e-03
2.16000e+02 3.50107e-03
2.20000e+02 3.61533e-03
2.23000e+02 3.72309e-03
2.27000e+02 8.85300e-03
2.30000e+02 4.49475e-02
2.34000e+02 4.85505e-02
2.40000e+02 4.66218e-02
2.46000e+02 4.48756e-02
2.52000e+02 4.32579e-02
2.57000e+02 4.19995e-02
2.60000e+02 4.12654e-02
2.64000e+02 4.03554e-02
2.69000e+02 3.90837e-02
2.74000e+02 3.78339e-02
2.79000e+02 3.65328e-02
2.84000e+02 3.55895e-02
2.90000e+02 3.43836e-02
2.96000e+02 3.30778e-02
3.01000e+02 3.20531e-02
3.08000e+02 3.08299e-02
3.18000e+02 2.90429e-02
3.28000e+02 2.73139e-02
3.38000e+02 2.56489e-02
3.48000e+02 2.41817e-02
3.57000e+02 2.33375e-02
3.66000e+02 2.28012e-02
3.75000e+02 2.17786e-02
3.85000e+02 2.04991e-02
3.95000e+02 2.00999e-02
4.05000e+02 1.96473e-02
4.14000e+02 1.88395e-02
4.22000e+02 1.79368e-02
4.30000e+02 1.72271e-02
4.41000e+02 1.66690e-02
4.51000e+02 1.59966e-02
4.60000e+02 1.51423e-02
4.70000e+02 1.45293e-02
4.80000e+02 1.40952e-02
4.90000e+02 1.33509e-02
5.00000e+02 1.31057e-02
5.06000e+02 1.27504e-02
5.12000e+02 1.32617e-02
5.20000e+02 1.28181e-02
5.30000e+02 1.20822e-02
5.40000e+02 1.11963e-02
5.50000e+02 1.07381e-02
5.60000e+02 1.08956e-02
5.70000e+02 1.08360e-02
5.80000e+02 1.04732e-02
5.90000e+02 1.00885e-02
6.00000e+02 9.41027e-03
6.10000e+02 9.02227e-03
6.20000e+02 9.14281e-03
6.30000e+02 8.81985e-03
6.40000e+02 8.73067e-03
6.50000e+02 8.39047e-03
6.58000e+02 8.04630e-03
6.65000e+02 8.11004e-03
6.75000e+02 7.94402e-03
6.85000e+02 7.49213e-03
6.95000e+02 7.42371e-03
7.05000e+02 6.96289e-03
7.16000e+02 7.09091e-03
7.26000e+02 6.99258e-03
7.35000e+02 6.82215e-03
7.45000e+02 6.57107e-03
7.55000e+02 6.33434e-03
7.65000e+02 6.00603e-03
7.75000e+02 5.97439e-03
7.85000e+02 5.71019e-03
7.95000e+02 5.67358e-03
8.05000e+02 5.60706e-03
8.15000e+02 5.49101e-03
8.25000e+02 5.32456e-03
8.35000e+02 4.93335e-03
8.45000e+02 5.03804e-03
8.55000e+02 4.94336e-03
8.65000e+02 4.88101e-03
8.75000e+02 4.78935e-03
8.85000e+02 4.68572e-03
8.95000e+02 4.58561e-03
9.05000e+02 5.36692e-03
9.15000e+02 1.10469e-02
9.25000e+02 1.51585e-02
9.35000e+02 1.87214e-02
9.45000e+02 2.18005e-02
9.55000e+02 2.35683e-02
9.65000e+02 2.32374e-02
9.75000e+02 1.67070e-02
9.85000e+02 1.98667e-02
9.95000e+02 2.01381e-02
1.00500e+03 2.17188e-02
1.01500e+03 2.14873e-02
1.02500e+03 1.82883e-02
1.03500e+03 2.00379e-02
1.04500e+03 2.30176e-02
1.05500e+03 2.24134e-02
1.06500e+03 2.04211e-02
1.07500e+03 2.05224e-02
1.08500e+03 1.92725e-02
1.09500e+03 2.03120e-02
1.10500e+03 1.97151e-02
1.11500e+03 1.89190e-02
1.12500e+03 1.76858e-02
1.13500e+03 1.87260e-02
1.14500e+03 1.82371e-02
1.15500e+03 1.78949e-02
1.16500e+03 1.70018e-02
1.17500e+03 1.42849e-02
1.18500e+03 1.58762e-02
1.19500e+03 1.47717e-02
1.20500e+03 1.33245e-02
1.20872e+03 1.25587e-02
1.20880e+03 1.29920e-02
1.20887e+03 1.30595e-02
1.20894e+03 1.31371e-02
1.20902e+03 1.32258e-02
1.20909e+03 1.33268e-02
1.20916e+03 1.34414e-02
1.20923e+03 1.35710e-02
1.20931e+03 1.37171e-02
1.20938e+03 1.38815e-02
1.20945e+03 1.40658e-02
1.20953e+03 1.42719e-02
1.20960e+03 1.45021e-02
1.20967e+03 1.47586e-02
1.20975e+03 1.50435e-02
1.20982e+03 1.53598e-02
1.20989e+03 1.57099e-02
1.20996e+03 1.60968e-02
1.21004e+03 1.65236e-02
1.21011e+03 1.69939e-02
1.21018e+03 1.75107e-02
1.21026e+03 1.80775e-02
1.21033e+03 1.86988e-02
1.21040e+03 1.93782e-02
1.21047e+03 2.01197e-02
1.21055e+03 2.09284e-02
1.21062e+03 2.18086e-02
1.21069e+03 2.27646e-02
1.21077e+03 2.38021e-02
1.21084e+03 2.49258e-02
1.21091e+03 2.61406e-02
1.21099e+03 2.74528e-02
1.21106e+03 2.88679e-02
1.21113e+03 3.03903e-02
1.21120e+03 3.20257e-02
1.21128e+03 3.37811e-02
1.21135e+03 3.56614e-02
1.21142e+03 3.76717e-02
1.21150e+03 3.98192e-02
1.21157e+03 4.21087e-02
1.21164e+03 4.45447e-02
1.21172e+03 4.71346e-02
1.21179e+03 4.98825e-02
1.21186e+03 5.27922e-02
1.21193e+03 5.58707e-02
1.21201e+03 5.91227e-02
1.21208e+03 6.25492e-02
1.21215e+03 6.61537e-02
1.21223e+03 6.99424e-02
1.21230e+03 7.39162e-02
1.21237e+03 7.80755e-02
1.21244e+03 8.24250e-02
1.21252e+03 8.69639e-02
1.21259e+03 9.16901e-02
1.21266e+03 9.66069e-02
1.21274e+03 1.01711e-01
1.21281e+03 1.06997e-01
1.21288e+03 1.12467e-01
1.21296e+03 1.18116e-01
1.21303e+03 1.23935e-01
1.21310e+03 1.29918e-01
1.21317e+03 1.36062e-01
1.21325e+03 1.42357e-01
1.21332e+03 1.48791e-01
1.21339e+03 1.55360e-01
1.21347e+03 1.62049e-01
1.21354e+03 1.68843e-01
1.21361e+03 1.75735e-01
1.21369e+03 1.82711e-01
1.21376e+03 1.89751e-01
1.21383e+03 1.96837e-01
1.21390e+03 2.03960e-01
1.21398e+03 2.11099e-01
1.21405e+03 2.18232e-01
1.21412e+03 2.25347e-01
1.21420e+03 2.32421e-01
1.21427e+03 2.39431e-01
1.21434e+03 2.46363e-01
1.21441e+03 2.53193e-01
1.21449e+03 2.59896e-01
1.21456e+03 2.66459e-01
1.21463e+03 2.72859e-01
1.21471e+03 2.79070e-01
1.21478e+03 2.85072e-01
1.21485e+03 2.90849e-01
1.21493e+03 2.96406e-01
1.21500e+03 3.01696e-01
1.21507e+03 3.06678e-01
1.21514e+03 3.11363e-01
1.21522e+03 3.15752e-01
1.21529e+03 3.19806e-01
1.21536e+03 3.23508e-01
1.21544e+03 3.26844e-01
1.21551e+03 3.29804e-01
1.21558e+03 3.32376e-01
1.21566e+03 3.34548e-01
1.21573e+03 3.36313e-01
1.21580e+03 3.37664e-01
1.21587e+03 3.38598e-01
1.21595e+03 3.39109e-01
1.21602e+03 3.39196e-01
1.21609e+03 3.38858e-01
1.21617e+03 3.38098e-01
1.21624e+03 3.36918e-01
1.21631e+03 3.35323e-01
1.21638e+03 3.33320e-01
1.21646e+03 3.30914e-01
1.21653e+03 3.28115e-01
1.21660e+03 3.24937e-01
1.21668e+03 3.21390e-01
1.21675e+03 3.17487e-01
1.21682e+03 3.13242e-01
1.21690e+03 3.08674e-01
1.21697e+03 3.03796e-01
1.21704e+03 2.98627e-01
1.21711e+03 2.93187e-01
1.21719e+03 2.87492e-01
1.21726e+03 2.81564e-01
1.21733e+03 2.75425e-01
1.21741e+03 2.69091e-01
1.21748e+03 2.62583e-01
1.21755e+03 2.55927e-01
1.21763e+03 2.49144e-01
1.21770e+03 2.42250e-01
1.21777e+03 2.35269e-01
1.21784e+03 2.28223e-01
1.21792e+03 2.21127e-01
1.21799e+03 2.14005e-01
1.21806e+03 2.06877e-01
1.21814e+03 1.99756e-01
1.21821e+03 1.92663e-01
1.21828e+03 1.85619e-01
1.21835e+03 1.78632e-01
1.21843e+03 1.71720e-01
1.21850e+03 1.64901e-01
1.21857e+03 1.58190e-01
1.21865e+03 1.51593e-01
1.21872e+03 1.45124e-01
1.21879e+03 1.38796e-01
1.21887e+03 1.32614e-01
1.21894e+03 1.26588e-01
1.21901e+03 1.20729e-01
1.21908e+03 1.15038e-01
1.21916e+03 1.09520e-01
1.21923e+03 1.04185e-01
1.21930e+03 9.90353e-02
1.21938e+03 9.40703e-02
1.21945e+03 8.92933e-02
1.21952e+03 8.47075e-02
1.21960e+03 8.03092e-02
1.21967e+03 7.60997e-02
1.21974e+03 7.20795e-02
1.21981e+03 6.82436e-02
1.21989e+03 6.45909e-02
1.21996e+03 6.11203e-02
1.22003e+03 5.78253e-02
1.22011e+03 5.47023e-02
1.22018e+03 5.17495e-02
1.22025e+03 4.89623e-02
1.22032e+03 4.63336e-02
1.22040e+03 4.38593e-02
1.22047e+03 4.15351e-02
1.22054e+03 3.93536e-02
1.22062e+03 3.73102e-02
1.22069e+03 3.54002e-02
1.22076e+03 3.36160e-02
1.22084e+03 3.19528e-02
1.22091e+03 3.04057e-02
1.22098e+03 2.89675e-02
1.22105e+03 2.76328e-02
1.22113e+03 2.63972e-02
1.22120e+03 2.52552e-02
1.22127e+03 2.42005e-02
1.22135e+03 2.32285e-02
1.22142e+03 2.23346e-02
1.22149e+03 2.15132e-02
1.22157e+03 2.07600e-02
1.22164e+03 2.00708e-02
1.22171e+03 1.94408e-02
1.22178e+03 1.88662e-02
1.22186e+03 1.83432e-02
1.22193e+03 1.78678e-02
1.22200e+03 1.74364e-02
1.22208e+03 1.70460e-02
1.22215e+03 1.66936e-02
1.22222e+03 1.63758e-02
1.22229e+03 1.60899e-02
1.22237e+03 1.58336e-02
1.22244e+03 1.56040e-02
1.22251e+03 1.53991e-02
1.22259e+03 1.52168e-02
1.22266e+03 1.50550e-02
1.22273e+03 1.49118e-02
1.22281e+03 1.47858e-02
1.22288e+03 1.46751e-02
1.22295e+03 1.45784e-02
1.22302e+03 1.44945e-02
1.22310e+03 1.44220e-02
1.22317e+03 1.43598e-02
1.22324e+03 1.44520e-02
1.22500e+03 1.52030e-02
1.23500e+03 1.62256e-02
1.24500e+03 1.65888e-02
1.25500e+03 1.63767e-02
1.26500e+03 1.61626e-02
1.27500e+03 1.68579e-02
1.28500e+03 1.68344e-02
1.29500e+03 1.55666e-02
1.30500e+03 1.55036e-02
1.31500e+03 1.63759e-02
1.32500e+03 1.59760e-02
1.33500e+03 1.53379e-02
1.34500e+03 1.58472e-02
1.35500e+03 1.55750e-02
1.36500e+03 1.48694e-02
1.37500e+03 1.46978e-02
1.38500e+03 1.42997e-02
1.39500e+03 1.25622e-02
1.40500e+03 1.22867e-02
1.41500e+03 1.35102e-02
1.42500e+03 1.35134e-02
1.43500e+03 1.35987e-02
1.44200e+03 1.36988e-02
1.44700e+03 1.36510e-02
1.45500e+03 1.33183e-02
1.46500e+03 1.28556e-02
1.47500e+03 1.27800e-02
1.48500e+03 1.27819e-02
1.49500e+03 1.26201e-02
1.50500e+03 1.22128e-02
1.51200e+03 1.16760e-02
1.51700e+03 1.17396e-02
1.52500e+03 1.15363e-02
1.53500e+03 1.07301e-02
1.54500e+03 1.02366e-02
1.55500e+03 1.01727e-02
1.56500e+03 1.05775e-02
1.57500e+03 1.10397e-02
1.58500e+03 1.13263e-02
1.59500e+03 1.14102e-02
1.60500e+03 1.12154e-02
1.61500e+03 1.11935e-02
1.62500e+03 1.11196e-02
1.63500e+03 1.13939e-02
1.64500e+03 1.15901e-02
1.65500e+03 1.13592e-02
1.66500e+03 1.18185e-02
1.67200e+03 1.14350e-02
1.67700e+03 1.27566e-02
1.68500e+03 1.29788e-02
1.69500e+03 1.26094e-02
1.70500e+03 1.26013e-02
1.71500e+03 1.28123e-02
1.72500e+03 1.30579e-02
1.73500e+03 1.37170e-02
1.74500e+03 1.38391e-02
1.75500e+03 1.44163e-02
1.76500e+03 1.36222e-02
1.77500e+03 1.40656e-02
1.78500e+03 1.47127e-02
1.79500e+03 1.59883e-02
1.80500e+03 1.63912e-02
1.81500e+03 1.61490e-02
1.82500e+03 1.60061e-02
1.83500e+03 1.57259e-02
1.84500e+03 1.43761e-02
1.85500e+03 1.55352e-02
1.86500e+03 1.69613e-02
1.87500e+03 1.70798e-02
1.88500e+03 1.70562e-02
1.89500e+03 1.77758e-02
1.90500e+03 1.76967e-02
1.91500e+03 1.79412e-02
1.92500e+03 1.68446e-02
1.93500e+03 1.51941e-02
1.94500e+03 1.85780e-02
1.95500e+03 1.95413e-02
1.96700e+03 2.10452e-02
1.97600e+03 2.06401e-02
1.98400e+03 2.13493e-02
1.99500e+03 2.14231e-02
2.00500e+03 2.06725e-02
2.01500e+03 2.06875e-02
2.02500e+03 1.94209e-02
2.03500e+03 2.20692e-02
2.04500e+03 2.37843e-02
2.05500e+03 2.30793e-02
2.06500e+03 2.27826e-02
2.07400e+03 2.55933e-02
2.07800e+03 3.56123e-02
2.08500e+03 3.97726e-02
2.09500e+03 3.78637e-02
2.10500e+03 3.63965e-02
2.11500e+03 3.83310e-02
2.12500e+03 3.56634e-02
2.13500e+03 3.43046e-02
2.14500e+03 3.96432e-02
2.15500e+03 3.97396e-02
2.16500e+03 3.60922e-02
2.17500e+03 3.67354e-02
2.18500e+03 4.23052e-02
2.19500e+03 4.34797e-02
2.20500e+03 4.12112e-02
2.21500e+03 3.53638e-02
2.22500e+03 3.88805e-02
2.23500e+03 4.70321e-02
2.24500e+03 4.51741e-02
2.25500e+03 3.75046e-02
2.26500e+03 3.54448e-02
2.27500e+03 3.93678e-02
2.28500e+03 4.70168e-02
2.29500e+03 4.39514e-02
2.30500e+03 4.87098e-02
2.31500e+03 4.43638e-02
2.32500e+03 3.71688e-02
2.33500e+03 3.26772e-02
2.34500e+03 2.77669e-02
2.35500e+03 3.84465e-02
2.36500e+03 2.98982e-02
2.37500e+03 3.19892e-02
2.38500e+03 2.41262e-02
2.39500e+03 2.64686e-02
2.40500e+03 2.76320e-02
2.41500e+03 3.31928e-02
2.42500e+03 4.81340e-02
2.43500e+03 5.17166e-02
2.44500e+03 5.87296e-02
2.45500e+03 6.12962e-02
2.46500e+03 5.57383e-02
2.47500e+03 4.82008e-02
2.48500e+03 3.65126e-02
2.49500e+03 4.11059e-02
2.50500e+03 5.27376e-02
2.51300e+03 3.32865e-02
2.51800e+03 2.42170e-02
2.52500e+03 2.69789e-02
2.53500e+03 3.65301e-02
2.54500e+03 4.31150e-02
2.55500e+03 6.09973e-02
2.56500e+03 5.44408e-02
2.57500e+03 6.12931e-02
2.58500e+03 5.74547e-02
2.59500e+03 5.18284e-02
2.60500e+03 4.56433e-02
2.61500e+03 4.33540e-02
2.62500e+03 5.81421e-02
2.63500e+03 8.98522e-02
2.64500e+03 1.22897e-01
2.65500e+03 1.50792e-01
2.66500e+03 1.16784e-01
2.67500e+03 1.23681e-01
2.68500e+03 1.34321e-01
2.69500e+03 1.12993e-01
2.70500e+03 1.21231e-01
2.71500e+03 9.71053e-02
2.72500e+03 8.40264e-02
2.73500e+03 9.07590e-02
2.74500e+03 6.41221e-02
2.75500e+03 7.58290e-02
2.76500e+03 9.55948e-02
2.77500e+03 9.87060e-02
2.78500e+03 6.55988e-02
2.79500e+03 3.40572e-02
2.80500e+03 4.16367e-02
2.81500e+03 9.07166e-02
2.82500e+03 1.26067e-01
2.83500e+03 1.22367e-01
2.84500e+03 9.46600e-02
2.85500e+03 7.12041e-02
2.86500e+03 1.21912e-01
2.87500e+03 1.54282e-01
2.88500e+03 1.50450e-01
2.89500e+03 1.77054e-01
2.91000e+03 2.15247e-01
2.93000e+03 1.99222e-01
2.95000e+03 1.87089e-01
2.97000e+03 1.92267e-01
2.99000e+03 1.95781e-01
3.01000e+03 1.99587e-01
3.03000e+03 2.08598e-01
3.05000e+03 2.19424e-01
3.07000e+03 2.31675e-01
3.09000e+03 2.34679e-01
3.11000e+03 2.54052e-01
3.13000e+03 2.43648e-01
3.15000e+03 2.40831e-01
3.17000e+03 2.50694e-01
3.19000e+03 2.32685e-01
3.21000e+03 2.44662e-01
3.23000e+03 2.32149e-01
3.25000e+03 2.93582e-01
3.27000e+03 3.37564e-01
3.29000e+03 3.35942e-01
3.31000e+03 3.22763e-01
3.33000e+03 3.26254e-01
3.35000e+03 3.12929e-01
3.37000e+03 2.63624e-01
3.39000e+03 2.81935e-01
3.41000e+03 2.93611e-01
3.43000e+03 3.06941e-01
3.45000e+03 3.19026e-01
3.47000e+03 3.32109e-01
3.49000e+03 3.61999e-01
3.51000e+03 3.77683e-01
3.53000e+03 3.59582e-01
3.55000e+03 3.79560e-01
3.57000e+03 3.01756e-01
3.59000e+03 2.96086e-01
3.61000e+03 3.44416e-01
3.63000e+03 3.65199e-01
3.64000e+03 3.86559e-01
3.65000e+03 4.29842e-01
3.67000e+03 4.44041e-01
3.69000e+03 4.20138e-01
3.70466e+03 4.28268e-01
3.70488e+03 4.34115e-01
3.70511e+03 4.34440e-01
3.70533e+03 4.34765e-01
3.70555e+03 4.35090e-01
3.70578e+03 4.35416e-01
3.70600e+03 4.35739e-01
3.70622e+03 4.36063e-01
3.70645e+03 4.36388e-01
3.70667e+03 4.36712e-01
3.70689e+03 4.37036e-01
3.70712e+03 4.37361e-01
3.70734e+03 4.37686e-01
3.70756e+03 4.38010e-01
3.70779e+03 4.38334e-01
3.70801e+03 4.38658e-01
3.70824e+03 4.38983e-01
3.70846e+03 4.39308e-01
3.70868e+03 4.39631e-01
3.70891e+03 4.39955e-01
3.70913e+03 4.40280e-01
3.70935e+03 4.40604e-01
3.70958e+03 4.40928e-01
3.70980e+03 4.41243e-01
3.71000e+03 4.41469e-01
3.71002e+03 4.41091e-01
3.71025e+03 4.40033e-01
3.71047e+03 4.38677e-01
3.71070e+03 4.37321e-01
3.71092e+03 4.35963e-01
3.71114e+03 4.34607e-01
3.71137e+03 4.33252e-01
3.71159e+03 4.31896e-01
3.71181e+03 4.30542e-01
3.71204e+03 4.29186e-01
3.71226e+03 4.27832e-01
3.71248e+03 4.26478e-01
3.71271e+03 4.25126e-01
3.71293e+03 4.23771e-01
3.71316e+03 4.22421e-01
3.71338e+03 4.21071e-01
3.71360e+03 4.19720e-01
3.71383e+03 4.18374e-01
3.71405e+03 4.17027e-01
3.71427e+03 4.15682e-01
3.71450e+03 4.14344e-01
3.71472e+03 4.13009e-01
3.71494e+03 4.11688e-01
3.71517e+03 4.10373e-01
3.71539e+03 4.09061e-01
3.71562e+03 4.07757e-01
3.71584e+03 4.06459e-01
3.71606e+03 4.05171e-01
3.71629e+03 4.03893e-01
3.71651e+03 4.02625e-01
3.71673e+03 4.01369e-01
3.71696e+03 4.00130e-01
3.71718e+03 3.98909e-01
3.71740e+03 3.97708e-01
3.71763e+03 3.96531e-01
3.71785e+03 3.95376e-01
3.71808e+03 3.94253e-01
3.71830e+03 3.93159e-01
3.71852e+03 3.92100e-01
3.71875e+03 3.91084e-01
3.71897e+03 3.90108e-01
3.71919e+03 3.89178e-01
3.71942e+03 3.88302e-01
3.71964e+03 3.87478e-01
3.71986e+03 3.86712e-01
3.72009e+03 3.86012e-01
3.72031e+03 3.85376e-01
3.72053e+03 3.84812e-01
3.72076e+03 3.84319e-01
3.72098e+03 3.83903e-01
3.72121e+03 3.83565e-01
3.72143e+03 3.83305e-01
3.72165e+03 3.83125e-01
3.72188e+03 3.83028e-01
3.72210e+03 3.83008e-01
3.72232e+03 3.83065e-01
3.72255e+03 3.83201e-01
3.72277e+03 3.83401e-01
3.72299e+03 3.83666e-01
3.72322e+03 3.83996e-01
3.72344e+03 3.84370e-01
3.72367e+03 3.84791e-01
3.72389e+03 3.85241e-01
3.72411e+03 3.85712e-01
3.72434e+03 3.86193e-01
3.72456e+03 3.86670e-01
3.72478e+03 3.87126e-01
3.72501e+03 3.87554e-01
3.72523e+03 3.87934e-01
3.72545e+03 3.88251e-01
3.72568e+03 3.88494e-01
3.72590e+03 3.88645e-01
3.72613e+03 3.88692e-01
3.72635e+03 3.88619e-01
3.72657e+03 3.88414e-01
3.72680e+03 3.88067e-01
3.72702e+03 3.87566e-01
3.72724e+03 3.86905e-01
3.72747e+03 3.86073e-01
3.72769e+03 3.85069e-01
3.72791e+03 3.83884e-01
3.72814e+03 3.82522e-01
3.72836e+03 3.80978e-01
3.72859e+03 3.79259e-01
3.72881e+03 3.77367e-01
3.72903e+03 3.75304e-01
3.72926e+03 3.73084e-01
3.72948e+03 3.70712e-01
3.72970e+03 3.68201e-01
3.72993e+03 3.66021e-01
3.73000e+03 3.64649e-01
3.73015e+03 3.63980e-01
3.73037e+03 3.63056e-01
3.73060e+03 3.61967e-01
3.73082e+03 3.60805e-01
3.73105e+03 3.59586e-01
3.73127e+03 3.58323e-01
3.73149e+03 3.57033e-01
3.73172e+03 3.55729e-01
3.73194e+03 3.54422e-01
3.73216e+03 3.53130e-01
3.73239e+03 3.51859e-01
3.73261e+03 3.50623e-01
3.73283e+03 3.49432e-01
3.73306e+03 3.48294e-01
3.73328e+03 3.47216e-01
3.73351e+03 3.46206e-01
3.73373e+03 3.45265e-01
3.73395e+03 3.44401e-01
3.73418e+03 3.43614e-01
3.73440e+03 3.42906e-01
3.73462e+03 3.42279e-01
3.73485e+03 3.41732e-01
3.73507e+03 3.41264e-01
3.73529e+03 3.40873e-01
3.73552e+03 3.40559e-01
3.73574e+03 3.40314e-01
3.73596e+03 3.40138e-01
3.73619e+03 3.40031e-01
3.73641e+03 3.39984e-01
3.73664e+03 3.39995e-01
3.73686e+03 3.40058e-01
3.73708e+03 3.40174e-01
3.73731e+03 3.40334e-01
3.73753e+03 3.40535e-01
3.73775e+03 3.40773e-01
3.73798e+03 3.41048e-01
3.73820e+03 3.41354e-01
3.73842e+03 3.41685e-01
3.73865e+03 3.42044e-01
3.73887e+03 3.42423e-01
3.73910e+03 3.42822e-01
3.73932e+03 3.43238e-01
3.73954e+03 3.43667e-01
3.73977e+03 3.44113e-01
3.73999e+03 3.44566e-01
3.74021e+03 3.45030e-01
3.74044e+03 3.45501e-01
3.74066e+03 3.45980e-01
3.74088e+03 3.46464e-01
3.74111e+03 3.46955e-01
3.74133e+03 3.47450e-01
3.74156e+03 3.47948e-01
3.74178e+03 3.48448e-01
3.74200e+03 3.48951e-01
3.74223e+03 3.49458e-01
3.74245e+03 3.49964e-01
3.74267e+03 3.50473e-01
3.74290e+03 3.50982e-01
3.74312e+03 3.51492e-01
3.74334e+03 3.52003e-01
3.74357e+03 3.52515e-01
3.74379e+03 3.53028e-01
3.74402e+03 3.53541e-01
3.74424e+03 3.54054e-01
3.74446e+03 3.54565e-01
3.74469e+03 3.55080e-01
3.74491e+03 3.55594e-01
3.74513e+03 3.56107e-01
3.74536e+03 3.56623e-01
3.74558e+03 3.57135e-01
3.74580e+03 3.57648e-01
3.74603e+03 3.58163e-01
3.74625e+03 3.58677e-01
3.74648e+03 3.59192e-01
3.74670e+03 3.59705e-01
3.74692e+03 3.60219e-01
3.74715e+03 3.60734e-01
3.74737e+03 3.61245e-01
3.74759e+03 3.61760e-01
3.74782e+03 3.62276e-01
3.74804e+03 3.62789e-01
3.74826e+03 3.63303e-01
3.74849e+03 3.63817e-01
3.74871e+03 3.64331e-01
3.74893e+03 3.64844e-01
3.74916e+03 3.65716e-01
3.75000e+03 3.89604e-01
3.77000e+03 4.50935e-01
3.79000e+03 4.76239e-01
3.81000e+03 4.47689e-01
3.83000e+03 3.29367e-01
3.85000e+03 3.83701e-01
3.87000e+03 4.00804e-01
3.89000e+03 4.48177e-01
3.91000e+03 4.88661e-01
3.93000e+03 3.32117e-01
3.95000e+03 4.22114e-01
3.97000e+03 3.79242e-01
3.99000e+03 6.14617e-01
4.01000e+03 6.94658e-01
4.03000e+03 6.89526e-01
4.05000e+03 6.64077e-01
4.07000e+03 6.40829e-01
4.07820e+03 6.69273e-01
4.07845e+03 6.83353e-01
4.07870e+03 6.84834e-01
4.07894e+03 6.86313e-01
4.07919e+03 6.87792e-01
4.07943e+03 6.89272e-01
4.07968e+03 6.90751e-01
4.07993e+03 6.92229e-01
4.08017e+03 6.93706e-01
4.08042e+03 6.95185e-01
4.08066e+03 6.96662e-01
4.08091e+03 6.98139e-01
4.08116e+03 6.99615e-01
4.08140e+03 7.01093e-01
4.08165e+03 7.02569e-01
4.08190e+03 7.04042e-01
4.08214e+03 7.05519e-01
4.08239e+03 7.06993e-01
4.08263e+03 7.08468e-01
4.08288e+03 7.09941e-01
4.08313e+03 7.11415e-01
4.08337e+03 7.12891e-01
4.08362e+03 7.14363e-01
4.08386e+03 7.15835e-01
4.08411e+03 7.17309e-01
4.08436e+03 7.18781e-01
4.08460e+03 7.20253e-01
4.08485e+03 7.21725e-01
4.08510e+03 7.23196e-01
4.08534e+03 7.24666e-01
4.08559e+03 7.26138e-01
4.08583e+03 7.27610e-01
4.08608e+03 7.29077e-01
4.08633e+03 7.30547e-01
4.08657e+03 7.32018e-01
4.08682e+03 7.33487e-01
4.08706e+03 7.34956e-01
4.08731e+03 7.36425e-01
4.08756e+03 7.37893e-01
4.08780e+03 7.39363e-01
4.08805e+03 7.40833e-01
4.08830e+03 7.42301e-01
4.08854e+03 7.43771e-01
4.08879e+03 7.45242e-01
4.08903e+03 7.46713e-01
4.08928e+03 7.48183e-01
4.08953e+03 7.49655e-01
4.08977e+03 7.51097e-01
4.09000e+03 7.52153e-01
4.09002e+03 7.52322e-01
4.09026e+03 7.51836e-01
4.09051e+03 7.51231e-01
4.09076e+03 7.50631e-01
4.09100e+03 7.50032e-01
4.09125e+03 7.49438e-01
4.09150e+03 7.48845e-01
4.09174e+03 7.48258e-01
4.09199e+03 7.47673e-01
4.09223e+03 7.47094e-01
4.09248e+03 7.46521e-01
4.09273e+03 7.45953e-01
4.09297e+03 7.45391e-01
4.09322e+03 7.44837e-01
4.09347e+03 7.44290e-01
4.09371e+03 7.43750e-01
4.09396e+03 7.43221e-01
4.09420e+03 7.42701e-01
4.09445e+03 7.42188e-01
4.09470e+03 7.41686e-01
4.09494e+03 7.41196e-01
4.09519e+03 7.40715e-01
4.09543e+03 7.40246e-01
4.09568e+03 7.39787e-01
4.09593e+03 7.39341e-01
4.09617e+03 7.38907e-01
4.09642e+03 7.38482e-01
4.09667e+03 7.38068e-01
4.09691e+03 7.37664e-01
4.09716e+03 7.37271e-01
4.09740e+03 7.36884e-01
4.09765e+03 7.36507e-01
4.09790e+03 7.36137e-01
4.09814e+03 7.35771e-01
4.09839e+03 7.35408e-01
4.09863e+03 7.35049e-01
4.09888e+03 7.34690e-01
4.09913e+03 7.34329e-01
4.09937e+03 7.33966e-01
4.09962e+03 7.33596e-01
4.09987e+03 7.33220e-01
4.10011e+03 7.32834e-01
4.10036e+03 7.32438e-01
4.10060e+03 7.32025e-01
4.10085e+03 7.31600e-01
4.10110e+03 7.31158e-01
4.10134e+03 7.30695e-01
4.10159e+03 7.30214e-01
4.10183e+03 7.29709e-01
4.10208e+03 7.29181e-01
4.10233e+03 7.28629e-01
4.10257e+03 7.28055e-01
4.10282e+03 7.27456e-01
4.10307e+03 7.26832e-01
4.10331e+03 7.26182e-01
4.10356e+03 7.25509e-01
4.10380e+03 7.24804e-01
4.10405e+03 7.24076e-01
4.10430e+03 7.23327e-01
4.10454e+03 7.22559e-01
4.10479e+03 7.21770e-01
4.10503e+03 7.20968e-01
4.10528e+03 7.20147e-01
4.10553e+03 7.19314e-01
4.10577e+03 7.18471e-01
4.10602e+03 7.17621e-01
4.10627e+03 7.16761e-01
4.10651e+03 7.15898e-01
4.10676e+03 7.15032e-01
4.10700e+03 7.14165e-01
4.10725e+03 7.13297e-01
4.10750e+03 7.12434e-01
4.10774e+03 7.11575e-01
4.10799e+03 7.10722e-01
4.10823e+03 7.09870e-01
4.10848e+03 7.09022e-01
4.10873e+03 7.08183e-01
4.10897e+03 7.07355e-01
4.10922e+03 7.06536e-01
4.10947e+03 7.05727e-01
4.10971e+03 7.04930e-01
4.10996e+03 7.04288e-01
4.11000e+03 7.04007e-01
4.11020e+03 7.03880e-01
4.11045e+03 7.03732e-01
4.11070e+03 7.03595e-01
4.11094e+03 7.03469e-01
4.11119e+03 7.03351e-01
4.11144e+03 7.03243e-01
4.11168e+03 7.03146e-01
4.11193e+03 7.03056e-01
4.11217e+03 7.02976e-01
4.11242e+03 7.02903e-01
4.11267e+03 7.02838e-01
4.11291e+03 7.02777e-01
4.11316e+03 7.02724e-01
4.11340e+03 7.02678e-01
4.11365e+03 7.02635e-01
4.11390e+03 7.02596e-01
4.11414e+03 7.02562e-01
4.11439e+03 7.02527e-01
4.11464e+03 7.02496e-01
4.11488e+03 7.02468e-01
4.11513e+03 7.02443e-01
4.11537e+03 7.02418e-01
4.11562e+03 7.02397e-01
4.11587e+03 7.02376e-01
4.11611e+03 7.02357e-01
4.11636e+03 7.02340e-01
4.11660e+03 7.02324e-01
4.11685e+03 7.02309e-01
4.11710e+03 7.02294e-01
4.11734e+03 7.02279e-01
4.11759e+03 7.02266e-01
4.11784e+03 7.02252e-01
4.11808e+03 7.02240e-01
4.11833e+03 7.02227e-01
4.11857e+03 7.02216e-01
4.11882e+03 7.02203e-01
4.11907e+03 7.02193e-01
4.11931e+03 7.02179e-01
4.11956e+03 7.02169e-01
4.11981e+03 7.02146e-01
4.12005e+03 7.02123e-01
4.12030e+03 7.02101e-01
4.12054e+03 7.02077e-01
4.12079e+03 7.02054e-01
4.12104e+03 7.02031e-01
4.12128e+03 7.02007e-01
4.12153e+03 7.01985e-01
4.12177e+03 7.01962e-01
4.12202e+03 7.01938e-01
4.12227e+03 7.01915e-01
4.12251e+03 7.01891e-01
4.12276e+03 7.01869e-01
4.12301e+03 7.01845e-01
4.12325e+03 7.01822e-01
4.12350e+03 7.01801e-01
4.12374e+03 7.01776e-01
4.12399e+03 7.01754e-01
4.12424e+03 7.01729e-01
4.12448e+03 7.01707e-01
4.12473e+03 7.01685e-01
4.12497e+03 7.01661e-01
4.12522e+03 7.01639e-01
4.12547e+03 7.01615e-01
4.12571e+03 7.01591e-01
4.12596e+03 7.01570e-01
4.12621e+03 7.01545e-01
4.12645e+03 7.01524e-01
4.12670e+03 7.01499e-01
4.12694e+03 7.01477e-01
4.12719e+03 7.01684e-01
4.13000e+03 7.00443e-01
4.15000e+03 6.91216e-01
4.17000e+03 6.91824e-01
4.19000e+03 6.80316e-01
4.21000e+03 6.79262e-01
4.23000e+03 6.60306e-01
4.25000e+03 6.77904e-01
4.27000e+03 6.48555e-01
4.29000e+03 6.01654e-01
4.31000e+03 5.41350e-01
4.31565e+03 5.68449e-01
4.31591e+03 5.85875e-01
4.31617e+03 5.88609e-01
4.31643e+03 5.91344e-01
4.31669e+03 5.94077e-01
4.31695e+03 5.96807e-01
4.31721e+03 5.99537e-01
4.31747e+03 6.02268e-01
4.31773e+03 6.04997e-01
4.31799e+03 6.07724e-01
4.31825e+03 6.10451e-01
4.31852e+03 6.13175e-01
4.31878e+03 6.15901e-01
4.31904e+03 6.18624e-01
4.31930e+03 6.21347e-01
4.31956e+03 6.24069e-01
4.31982e+03 6.26790e-01
4.32008e+03 6.29511e-01
4.32034e+03 6.32228e-01
4.32060e+03 6.34947e-01
4.32086e+03 6.37663e-01
4.32112e+03 6.40378e-01
4.32138e+03 6.43094e-01
4.32164e+03 6.45808e-01
4.32190e+03 6.48521e-01
4.32216e+03 6.51232e-01
4.32242e+03 6.53945e-01
4.32268e+03 6.56657e-01
4.32294e+03 6.59366e-01
4.32320e+03 6.62075e-01
4.32346e+03 6.64782e-01
4.32373e+03 6.67488e-01
4.32399e+03 6.70193e-01
4.32425e+03 6.72897e-01
4.32451e+03 6.75602e-01
4.32477e+03 6.78306e-01
4.32503e+03 6.81007e-01
4.32529e+03 6.83710e-01
4.32555e+03 6.86412e-01
4.32581e+03 6.89112e-01
4.32607e+03 6.91812e-01
4.32633e+03 6.94514e-01
4.32659e+03 6.97215e-01
4.32685e+03 6.99915e-01
4.32711e+03 7.02615e-01
4.32737e+03 7.05317e-01
4.32763e+03 7.08020e-01
4.32789e+03 7.10724e-01
4.32815e+03 7.13426e-01
4.32841e+03 7.16134e-01
4.32867e+03 7.18843e-01
4.32894e+03 7.21554e-01
4.32920e+03 7.24268e-01
4.32946e+03 7.26986e-01
4.32972e+03 7.29708e-01
4.32998e+03 7.31786e-01
4.33000e+03 7.32669e-01
4.33024e+03 7.32552e-01
4.33050e+03 7.32421e-01
4.33076e+03 7.32299e-01
4.33102e+03 7.32187e-01
4.33128e+03 7.32085e-01
4.33154e+03 7.31994e-01
4.33180e+03 7.31914e-01
4.33206e+03 7.31849e-01
4.33232e+03 7.31797e-01
4.33258e+03 7.31759e-01
4.33284e+03 7.31735e-01
4.33310e+03 7.31729e-01
4.33336e+03 7.31740e-01
4.33362e+03 7.31769e-01
4.33388e+03 7.31815e-01
4.33415e+03 7.31877e-01
4.33441e+03 7.31960e-01
4.33467e+03 7.32059e-01
4.33493e+03 7.32178e-01
4.33519e+03 7.32313e-01
4.33545e+03 7.32465e-01
4.33571e+03 7.32632e-01
4.33597e+03 7.32813e-01
4.33623e+03 7.33008e-01
4.33649e+03 7.33211e-01
4.33675e+03 7.33424e-01
4.33701e+03 7.33643e-01
4.33727e+03 7.33865e-01
4.33753e+03 7.34090e-01
4.33779e+03 7.34308e-01
4.33805e+03 7.34523e-01
4.33831e+03 7.34730e-01
4.33857e+03 7.34923e-01
4.33883e+03 7.35101e-01
4.33909e+03 7.35262e-01
4.33935e+03 7.35399e-01
4.33962e+03 7.35510e-01
4.33988e+03 7.35594e-01
4.34014e+03 7.35647e-01
4.34040e+03 7.35666e-01
4.34066e+03 7.35650e-01
4.34092e+03 7.35594e-01
4.34118e+03 7.35503e-01
4.34144e+03 7.35370e-01
4.34170e+03 7.35198e-01
4.34196e+03 7.34984e-01
4.34222e+03 7.34731e-01
4.34248e+03 7.34437e-01
4.34274e+03 7.34105e-01
4.34300e+03 7.33736e-01
4.34326e+03 7.33333e-01
4.34352e+03 7.32896e-01
4.34378e+03 7.32429e-01
4.34404e+03 7.31934e-01
4.34430e+03 7.31414e-01
4.34457e+03 7.30871e-01
4.34483e+03 7.30314e-01
4.34509e+03 7.29741e-01
4.34535e+03 7.29156e-01
4.34561e+03 7.28563e-01
4.34587e+03 7.27966e-01
4.34613e+03 7.27367e-01
4.34639e+03 7.26770e-01
4.34665e+03 7.26176e-01
4.34691e+03 7.25589e-01
4.34717e+03 7.25012e-01
4.34743e+03 7.24446e-01
4.34769e+03 7.23890e-01
4.34795e+03 7.23352e-01
4.34821e+03 7.22828e-01
4.34847e+03 7.22322e-01
4.34873e+03 7.21833e-01
4.34899e+03 7.21361e-01
4.34925e+03 7.20906e-01
4.34951e+03 7.20472e-01
4.34978e+03 7.20062e-01
4.35000e+03 7.19762e-01
4.35004e+03 7.19983e-01
4.35030e+03 7.20521e-01
4.35056e+03 7.21254e-01
4.35082e+03 7.22002e-01
4.35108e+03 7.22767e-01
4.35134e+03 7.23543e-01
4.35160e+03 7.24335e-01
4.35186e+03 7.25138e-01
4.35212e+03 7.25953e-01
4.35238e+03 7.26778e-01
4.35264e+03 7.27611e-01
4.35290e+03 7.28455e-01
4.35316e+03 7.29305e-01
4.35342e+03 7.30164e-01
4.35368e+03 7.31028e-01
4.35394e+03 7.31899e-01
4.35420e+03 7.32773e-01
4.35446e+03 7.33652e-01
4.35472e+03 7.34534e-01
4.35499e+03 7.35419e-01
4.35525e+03 7.36307e-01
4.35551e+03 7.37199e-01
4.35577e+03 7.38091e-01
4.35603e+03 7.38985e-01
4.35629e+03 7.39881e-01
4.35655e+03 7.40780e-01
4.35681e+03 7.41678e-01
4.35707e+03 7.42577e-01
4.35733e+03 7.43476e-01
4.35759e+03 7.44378e-01
4.35785e+03 7.45277e-01
4.35811e+03 7.46177e-01
4.35837e+03 7.47078e-01
4.35863e+03 7.47977e-01
4.35889e+03 7.48878e-01
4.35915e+03 7.49778e-01
4.35941e+03 7.50679e-01
4.35967e+03 7.51577e-01
4.35993e+03 7.52477e-01
4.36020e+03 7.53376e-01
4.36046e+03 7.54275e-01
4.36072e+03 7.55173e-01
4.36098e+03 7.56074e-01
4.36124e+03 7.56972e-01
4.36150e+03 7.57869e-01
4.36176e+03 7.58768e-01
4.36202e+03 7.59663e-01
4.36228e+03 7.60561e-01
4.36254e+03 7.61458e-01
4.36280e+03 7.62355e-01
4.36306e+03 7.63252e-01
4.36332e+03 7.64146e-01
4.36358e+03 7.65042e-01
4.36384e+03 7.65936e-01
4.36410e+03 7.66830e-01
4.36436e+03 7.67725e-01
4.36462e+03 7.68620e-01
4.36488e+03 7.69513e-01
4.36515e+03 7.70406e-01
4.36541e+03 7.71299e-01
4.36567e+03 7.72192e-01
4.36593e+03 7.73083e-01
4.36619e+03 7.73977e-01
4.36645e+03 7.74867e-01
4.36671e+03 7.75759e-01
4.36697e+03 7.76650e-01
4.36723e+03 7.77541e-01
4.36749e+03 7.80652e-01
4.37000e+03 7.70005e-01
4.39000e+03 7.18168e-01
4.41000e+03 7.45169e-01
4.43000e+03 7.92997e-01
4.45000e+03 8.10919e-01
4.47000e+03 8.53778e-01
4.49000e+03 8.89311e-01
4.51000e+03 9.60021e-01
4.53000e+03 8.88598e-01
4.55000e+03 9.10778e-01
4.57000e+03 9.60010e-01
4.59000e+03 9.32465e-01
4.61000e+03 9.39243e-01
4.63000e+03 9.25753e-01
4.65000e+03 9.34144e-01
4.67000e+03 9.59804e-01
4.69000e+03 9.48717e-01
4.71000e+03 9.28345e-01
4.73000e+03 9.51690e-01
4.75000e+03 9.75686e-01
4.77000e+03 9.70532e-01
4.79000e+03 9.73401e-01
4.81000e+03 9.82989e-01
4.83000e+03 1.00872e+00
4.83484e+03 1.00816e+00
4.83513e+03 1.00479e+00
4.83542e+03 1.00410e+00
4.83571e+03 1.00341e+00
4.83600e+03 1.00271e+00
4.83629e+03 1.00203e+00
4.83659e+03 1.00134e+00
4.83688e+03 1.00065e+00
4.83717e+03 9.99955e-01
4.83746e+03 9.99264e-01
4.83775e+03 9.98573e-01
4.83805e+03 9.97884e-01
4.83834e+03 9.97193e-01
4.83863e+03 9.96501e-01
4.83892e+03 9.95809e-01
4.83921e+03 9.95117e-01
4.83950e+03 9.94427e-01
4.83980e+03 9.93737e-01
4.84009e+03 9.93047e-01
4.84038e+03 9.92357e-01
4.84067e+03 9.91666e-01
4.84096e+03 9.90975e-01
4.84126e+03 9.90289e-01
4.84155e+03 9.89600e-01
4.84184e+03 9.88910e-01
4.84213e+03 9.88219e-01
4.84242e+03 9.87532e-01
4.84272e+03 9.86847e-01
4.84301e+03 9.86161e-01
4.84330e+03 9.85475e-01
4.84359e+03 9.84790e-01
4.84388e+03 9.84108e-01
4.84417e+03 9.83426e-01
4.84447e+03 9.82752e-01
4.84476e+03 9.82075e-01
4.84505e+03 9.81402e-01
4.84534e+03 9.80732e-01
4.84563e+03 9.80065e-01
4.84593e+03 9.79406e-01
4.84622e+03 9.78752e-01
4.84651e+03 9.78103e-01
4.84680e+03 9.77459e-01
4.84709e+03 9.76825e-01
4.84738e+03 9.76200e-01
4.84768e+03 9.75591e-01
4.84797e+03 9.74986e-01
4.84826e+03 9.74398e-01
4.84855e+03 9.73822e-01
4.84884e+03 9.73263e-01
4.84914e+03 9.72725e-01
4.84943e+03 9.72203e-01
4.84972e+03 9.71709e-01
4.85000e+03 9.71350e-01
4.85001e+03 9.70993e-01
4.85030e+03 9.70315e-01
4.85059e+03 9.69446e-01
4.85089e+03 9.68611e-01
4.85118e+03 9.67798e-01
4.85147e+03 9.67021e-01
4.85176e+03 9.66273e-01
4.85205e+03 9.65559e-01
4.85235e+03 9.64880e-01
4.85264e+03 9.64234e-01
4.85293e+03 9.63622e-01
4.85322e+03 9.63044e-01
4.85351e+03 9.62498e-01
4.85381e+03 9.61989e-01
4.85410e+03 9.61507e-01
4.85439e+03 9.61052e-01
4.85468e+03 9.60623e-01
4.85497e+03 9.60218e-01
4.85526e+03 9.59833e-01
4.85556e+03 9.59465e-01
4.85585e+03 9.59104e-01
4.85614e+03 9.58748e-01
4.85643e+03 9.58392e-01
4.85672e+03 9.58031e-01
4.85702e+03 9.57662e-01
4.85731e+03 9.57270e-01
4.85760e+03 9.56853e-01
4.85789e+03 9.56406e-01
4.85818e+03 9.55924e-01
4.85847e+03 9.55397e-01
4.85877e+03 9.54824e-01
4.85906e+03 9.54195e-01
4.85935e+03 9.53504e-01
4.85964e+03 9.52751e-01
4.85993e+03 9.51930e-01
4.86023e+03 9.51040e-01
4.86052e+03 9.50073e-01
4.86081e+03 9.49030e-01
4.86110e+03 9.47911e-01
4.86139e+03 9.46713e-01
4.86168e+03 9.45443e-01
4.86198e+03 9.44098e-01
4.86227e+03 9.42680e-01
4.86256e+03 9.41191e-01
4.86285e+03 9.39639e-01
4.86314e+03 9.38025e-01
4.86344e+03 9.36358e-01
4.86373e+03 9.34638e-01
4.86402e+03 9.32870e-01
4.86431e+03 9.31067e-01
4.86460e+03 9.29229e-01
4.86490e+03 9.27368e-01
4.86519e+03 9.25483e-01
4.86548e+03 9.23588e-01
4.86577e+03 9.21682e-01
4.86606e+03 9.19774e-01
4.86635e+03 9.17869e-01
4.86665e+03 9.15980e-01
4.86694e+03 9.14098e-01
4.86723e+03 9.12236e-01
4.86752e+03 9.10394e-01
4.86781e+03 9.08579e-01
4.86811e+03 9.06793e-01
4.86840e+03 9.05034e-01
4.86869e+03 9.03308e-01
4.86898e+03 9.01613e-01
4.86927e+03 8.99954e-01
4.86956e+03 8.98327e-01
4.86986e+03 8.96936e-01
4.87000e+03 8.96140e-01
4.87015e+03 8.96743e-01
4.87044e+03 8.97846e-01
4.87073e+03 8.99135e-01
4.87102e+03 9.00452e-01
4.87132e+03 9.01803e-01
4.87161e+03 9.03180e-01
4.87190e+03 9.04582e-01
4.87219e+03 9.06011e-01
4.87248e+03 9.07462e-01
4.87277e+03 9.08934e-01
4.87307e+03 9.10431e-01
4.87336e+03 9.11934e-01
4.87365e+03 9.13450e-01
4.87394e+03 9.14980e-01
4.87423e+03 9.16524e-01
4.87453e+03 9.18086e-01
4.87482e+03 9.19653e-01
4.87511e+03 9.21229e-01
4.87540e+03 9.22813e-01
4.87569e+03 9.24408e-01
4.87598e+03 9.26006e-01
4.87628e+03 9.27613e-01
4.87657e+03 9.29223e-01
4.87686e+03 9.30835e-01
4.87715e+03 9.32453e-01
4.87744e+03 9.34075e-01
4.87774e+03 9.35701e-01
4.87803e+03 9.37325e-01
4.87832e+03 9.38953e-01
4.87861e+03 9.40581e-01
4.87890e+03 9.42211e-01
4.87920e+03 9.43846e-01
4.87949e+03 9.45477e-01
4.87978e+03 9.47109e-01
4.88007e+03 9.48743e-01
4.88036e+03 9.50376e-01
4.88065e+03 9.52010e-01
4.88095e+03 9.53647e-01
4.88124e+03 9.55284e-01
4.88153e+03 9.56917e-01
4.88182e+03 9.58551e-01
4.88211e+03 9.60187e-01
4.88241e+03 9.61823e-01
4.88270e+03 9.63459e-01
4.88299e+03 9.65094e-01
4.88328e+03 9.66730e-01
4.88357e+03 9.68365e-01
4.88386e+03 9.70000e-01
4.88416e+03 9.71637e-01
4.88445e+03 9.73273e-01
4.88474e+03 9.74907e-01
4.88503e+03 9.76542e-01
4.88532e+03 9.78168e-01
4.88562e+03 9.79785e-01
4.88591e+03 9.81400e-01
4.88620e+03 9.83013e-01
4.88649e+03 9.84629e-01
4.88678e+03 9.86245e-01
4.88707e+03 9.87858e-01
4.88737e+03 9.89476e-01
4.88766e+03 9.91091e-01
4.88795e+03 9.92704e-01
4.88824e+03 9.94319e-01
4.88853e+03 9.95934e-01
4.88883e+03 9.97550e-01
4.88912e+03 9.99163e-01
4.88941e+03 1.00078e+00
4.88970e+03 1.00240e+00
4.89000e+03 1.00384e+00
4.89029e+03 1.00412e+00
4.89058e+03 1.00421e+00
4.89087e+03 1.00428e+00
4.89116e+03 1.00436e+00
4.89145e+03 1.00440e+00
4.89174e+03 1.00444e+00
4.89204e+03 1.00450e+00
4.89233e+03 1.00454e+00
4.89262e+03 1.00460e+00
4.89291e+03 1.00635e+00
4.91000e+03 1.00514e+00
4.92877e+03 9.88565e-01
4.92907e+03 9.85332e-01
4.92936e+03 9.84979e-01
4.92966e+03 9.84626e-01
4.92996e+03 9.84312e-01
4.93000e+03 9.84363e-01
4.93026e+03 9.84744e-01
4.93055e+03 9.85295e-01
4.93085e+03 9.85868e-01
4.93115e+03 9.86442e-01
4.93145e+03 9.87015e-01
4.93174e+03 9.87590e-01
4.93204e+03 9.88162e-01
4.93234e+03 9.88736e-01
4.93264e+03 9.89308e-01
4.93293e+03 9.89882e-01
4.93323e+03 9.90454e-01
4.93353e+03 9.91027e-01
4.93383e+03 9.91599e-01
4.93412e+03 9.92171e-01
4.93442e+03 9.92743e-01
4.93472e+03 9.93314e-01
4.93502e+03 9.93886e-01
4.93531e+03 9.94457e-01
4.93561e+03 9.95028e-01
4.93591e+03 9.95598e-01
4.93621e+03 9.96168e-01
4.93650e+03 9.96739e-01
4.93680e+03 9.97309e-01
4.93710e+03 9.97879e-01
4.93740e+03 9.98451e-01
4.93769e+03 9.99015e-01
4.93799e+03 9.99588e-01
4.93829e+03 1.00015e+00
4.93859e+03 1.00073e+00
4.93888e+03 1.00130e+00
4.93918e+03 1.00186e+00
4.93948e+03 1.00244e+00
4.93978e+03 1.00300e+00
4.94007e+03 1.00358e+00
4.94037e+03 1.00413e+00
4.94067e+03 1.00471e+00
4.94097e+03 1.00527e+00
4.94126e+03 1.00585e+00
4.94156e+03 1.00641e+00
4.94186e+03 1.00698e+00
4.94216e+03 1.00755e+00
4.94245e+03 1.00812e+00
4.94275e+03 1.00870e+00
4.94305e+03 1.00925e+00
4.94335e+03 1.00983e+00
4.94364e+03 1.01040e+00
4.94394e+03 1.01099e+00
4.94424e+03 1.01156e+00
4.94454e+03 1.01213e+00
4.94483e+03 1.01272e+00
4.94513e+03 1.01329e+00
4.94543e+03 1.01387e+00
4.94573e+03 1.01446e+00
4.94602e+03 1.01505e+00
4.94632e+03 1.01564e+00
4.94662e+03 1.01624e+00
4.94692e+03 1.01684e+00
4.94721e+03 1.01744e+00
4.94751e+03 1.01804e+00
4.94781e+03 1.01865e+00
4.94811e+03 1.01928e+00
4.94840e+03 1.01990e+00
4.94870e+03 1.02053e+00
4.94900e+03 1.02116e+00
4.94930e+03 1.02180e+00
4.94959e+03 1.02245e+00
4.94989e+03 1.02297e+00
4.95000e+03 1.02331e+00
4.95019e+03 1.02322e+00
4.95049e+03 1.02303e+00
4.95078e+03 1.02286e+00
4.95108e+03 1.02268e+00
4.95138e+03 1.02251e+00
4.95168e+03 1.02236e+00
4.95197e+03 1.02221e+00
4.95227e+03 1.02206e+00
4.95257e+03 1.02191e+00
4.95287e+03 1.02176e+00
4.95316e+03 1.02163e+00
4.95346e+03 1.02148e+00
4.95376e+03 1.02135e+00
4.95406e+03 1.02120e+00
4.95435e+03 1.02106e+00
4.95465e+03 1.02092e+00
4.95495e+03 1.02076e+00
4.95525e+03 1.02061e+00
4.95554e+03 1.02045e+00
4.95584e+03 1.02028e+00
4.95614e+03 1.02009e+00
4.95644e+03 1.01990e+00
4.95673e+03 1.01971e+00
4.95703e+03 1.01949e+00
4.95733e+03 1.01928e+00
4.95763e+03 1.01903e+00
4.95792e+03 1.01877e+00
4.95822e+03 1.01851e+00
4.95852e+03 1.01822e+00
4.95882e+03 1.01793e+00
4.95911e+03 1.01761e+00
4.95941e+03 1.01728e+00
4.95971e+03 1.01694e+00
4.96001e+03 1.01658e+00
4.96030e+03 1.01623e+00
4.96060e+03 1.01585e+00
4.96090e+03 1.01546e+00
4.96120e+03 1.01505e+00
4.96149e+03 1.01464e+00
4.96179e+03 1.01423e+00
4.96209e+03 1.01380e+00
4.96239e+03 1.01338e+00
4.96268e+03 1.01294e+00
4.96298e+03 1.01250e+00
4.96328e+03 1.01207e+00
4.96358e+03 1.01162e+00
4.96387e+03 1.01119e+00
4.96417e+03 1.01075e+00
4.96447e+03 1.01033e+00
4.96477e+03 1.00989e+00
4.96506e+03 1.00946e+00
4.96536e+03 1.00904e+00
4.96566e+03 1.00862e+00
4.96596e+03 1.00822e+00
4.96625e+03 1.00782e+00
4.96655e+03 1.00742e+00
4.96685e+03 1.00703e+00
4.96715e+03 1.00663e+00
4.96744e+03 1.00626e+00
4.96774e+03 1.00589e+00
4.96804e+03 1.00552e+00
4.96834e+03 1.00517e+00
4.96863e+03 1.00482e+00
4.96893e+03 1.00447e+00
4.96923e+03 1.00413e+00
4.96953e+03 1.00380e+00
4.96982e+03 1.00348e+00
4.97000e+03 1.00325e+00
4.97012e+03 1.00269e+00
4.97042e+03 1.00171e+00
4.97072e+03 1.00061e+00
4.97102e+03 9.99507e-01
4.97131e+03 9.98415e-01
4.97161e+03 9.97324e-01
4.97191e+03 9.96238e-01
4.97221e+03 9.95153e-01
4.97250e+03 9.94072e-01
4.97280e+03 9.92992e-01
4.97310e+03 9.91913e-01
4.97340e+03 9.90835e-01
4.97369e+03 9.89765e-01
4.97399e+03 9.88691e-01
4.97429e+03 9.87618e-01
4.97458e+03 9.86549e-01
4.97488e+03 9.85478e-01
4.97518e+03 9.84410e-01
4.97548e+03 9.83341e-01
4.97578e+03 9.82273e-01
4.97607e+03 9.81209e-01
4.97637e+03 9.80284e-01
4.97648e+03 9.79690e-01
4.97667e+03 9.79134e-01
4.97678e+03 9.78619e-01
4.97697e+03 9.78064e-01
4.97708e+03 9.77551e-01
4.97726e+03 9.76998e-01
4.97738e+03 9.76480e-01
4.97756e+03 9.75930e-01
4.97768e+03 9.75411e-01
4.97786e+03 9.74862e-01
4.97798e+03 9.74343e-01
4.97816e+03 9.73796e-01
4.97828e+03 9.73276e-01
4.97845e+03 9.72731e-01
4.97858e+03 9.72208e-01
4.97875e+03 9.71664e-01
4.97888e+03 9.71139e-01
4.97905e+03 9.70599e-01
4.97918e+03 9.70073e-01
4.97935e+03 9.69532e-01
4.97948e+03 9.69007e-01
4.97964e+03 9.68469e-01
4.97978e+03 9.67941e-01
4.97994e+03 9.67405e-01
4.98008e+03 9.66877e-01
4.98024e+03 9.66341e-01
4.98039e+03 9.65808e-01
4.98054e+03 9.65276e-01
4.98069e+03 9.64742e-01
4.98083e+03 9.64214e-01
4.98099e+03 9.63679e-01
4.98113e+03 9.63150e-01
4.98129e+03 9.62615e-01
4.98143e+03 9.62088e-01
4.98159e+03 9.61551e-01
4.98173e+03 9.61026e-01
4.98189e+03 9.60486e-01
4.98202e+03 9.59964e-01
4.98219e+03 9.59424e-01
4.98232e+03 9.58903e-01
4.98249e+03 9.58362e-01
4.98262e+03 9.57842e-01
4.98279e+03 9.57299e-01
4.98292e+03 9.56779e-01
4.98309e+03 9.56238e-01
4.98321e+03 9.55722e-01
4.98339e+03 9.55173e-01
4.98351e+03 9.54660e-01
4.98369e+03 9.54113e-01
4.98381e+03 9.53599e-01
4.98399e+03 9.53052e-01
4.98411e+03 9.52540e-01
4.98429e+03 9.51991e-01
4.98440e+03 9.51482e-01
4.98459e+03 9.50932e-01
4.98470e+03 9.50422e-01
4.98489e+03 9.49871e-01
4.98500e+03 9.49364e-01
4.98519e+03 9.48813e-01
4.98530e+03 9.48305e-01
4.98549e+03 9.47753e-01
4.98559e+03 9.47250e-01
4.98579e+03 9.46694e-01
4.98589e+03 9.46192e-01
4.98609e+03 9.45636e-01
4.98619e+03 9.45136e-01
4.98639e+03 9.44578e-01
4.98649e+03 9.44080e-01
4.98669e+03 9.43521e-01
4.98678e+03 9.43023e-01
4.98699e+03 9.42464e-01
4.98708e+03 9.41970e-01
4.98729e+03 9.41409e-01
4.98738e+03 9.40917e-01
4.98759e+03 9.40353e-01
4.98768e+03 9.39861e-01
4.98790e+03 9.39296e-01
4.98797e+03 9.38809e-01
4.98820e+03 9.38074e-01
4.98850e+03 9.37075e-01
4.98880e+03 9.36019e-01
4.98910e+03 9.34963e-01
4.98940e+03 9.33910e-01
4.98970e+03 9.32857e-01
4.99000e+03 9.31837e-01
4.99030e+03 9.31017e-01
4.99060e+03 9.30232e-01
4.99090e+03 9.29450e-01
4.99120e+03 9.28669e-01
4.99150e+03 9.27892e-01
4.99180e+03 9.27119e-01
4.99210e+03 9.26351e-01
4.99240e+03 9.25586e-01
4.99270e+03 9.24829e-01
4.99300e+03 9.24076e-01
4.99330e+03 9.23332e-01
4.99360e+03 9.22593e-01
4.99390e+03 9.21865e-01
4.99420e+03 9.21147e-01
4.99450e+03 9.20437e-01
4.99480e+03 9.19741e-01
4.99510e+03 9.19056e-01
4.99541e+03 9.18383e-01
4.99571e+03 9.17725e-01
4.99601e+03 9.17085e-01
4.99631e+03 9.16461e-01
4.99661e+03 9.15853e-01
4.99691e+03 9.15263e-01
4.99721e+03 9.14694e-01
4.99751e+03 9.14143e-01
4.99781e+03 9.13611e-01
4.99811e+03 9.13102e-01
4.99841e+03 9.12611e-01
4.99871e+03 9.12143e-01
4.99901e+03 9.11692e-01
4.99931e+03 9.11263e-01
4.99961e+03 9.10850e-01
4.99991e+03 9.10456e-01
5.00021e+03 9.10078e-01
5.00051e+03 9.09712e-01
5.00081e+03 9.09361e-01
5.00111e+03 9.09022e-01
5.00141e+03 9.08690e-01
5.00171e+03 9.08360e-01
5.00201e+03 9.08032e-01
5.00231e+03 9.07702e-01
5.00261e+03 9.07366e-01
5.00292e+03 9.07019e-01
5.00322e+03 9.06659e-01
5.00352e+03 9.06284e-01
5.00382e+03 9.05887e-01
5.00412e+03 9.05467e-01
5.00442e+03 9.05016e-01
5.00472e+03 9.04538e-01
5.00502e+03 9.04024e-01
5.00532e+03 9.03472e-01
5.00562e+03 9.02882e-01
5.00592e+03 9.02249e-01
5.00622e+03 9.01575e-01
5.00652e+03 9.00857e-01
5.00682e+03 9.00094e-01
5.00712e+03 8.99284e-01
5.00742e+03 8.98431e-01
5.00772e+03 8.97534e-01
5.00802e+03 8.96595e-01
5.00832e+03 8.95615e-01
5.00862e+03 8.94595e-01
5.00892e+03 8.93539e-01
5.00922e+03 8.92450e-01
5.00952e+03 8.91331e-01
5.00982e+03 8.90289e-01
5.01000e+03 8.89613e-01
5.01012e+03 8.89744e-01
5.01042e+03 8.90046e-01
5.01073e+03 8.90408e-01
5.01103e+03 8.90760e-01
5.01133e+03 8.91103e-01
5.01163e+03 8.91440e-01
5.01193e+03 8.91775e-01
5.01223e+03 8.92112e-01
5.01253e+03 8.92456e-01
5.01283e+03 8.92807e-01
5.01313e+03 8.93169e-01
5.01343e+03 8.93543e-01
5.01373e+03 8.93930e-01
5.01403e+03 8.94333e-01
5.01433e+03 8.94754e-01
5.01463e+03 8.95191e-01
5.01493e+03 8.95649e-01
5.01523e+03 8.96125e-01
5.01553e+03 8.96620e-01
5.01583e+03 8.97138e-01
5.01613e+03 8.97673e-01
5.01643e+03 8.98230e-01
5.01673e+03 8.98803e-01
5.01703e+03 8.99396e-01
5.01733e+03 9.00007e-01
5.01763e+03 9.00633e-01
5.01793e+03 9.01276e-01
5.01823e+03 9.01933e-01
5.01854e+03 9.02602e-01
5.01884e+03 9.03286e-01
5.01914e+03 9.03982e-01
5.01944e+03 9.04687e-01
5.01974e+03 9.05405e-01
5.02004e+03 9.06128e-01
5.02034e+03 9.06861e-01
5.02064e+03 9.07600e-01
5.02094e+03 9.08347e-01
5.02124e+03 9.09100e-01
5.02154e+03 9.09860e-01
5.02184e+03 9.10626e-01
5.02214e+03 9.11397e-01
5.02244e+03 9.12171e-01
5.02274e+03 9.12948e-01
5.02304e+03 9.13727e-01
5.02334e+03 9.14509e-01
5.02364e+03 9.15292e-01
5.02394e+03 9.16076e-01
5.02424e+03 9.16862e-01
5.02454e+03 9.17647e-01
5.02484e+03 9.18433e-01
5.02514e+03 9.19220e-01
5.02544e+03 9.20010e-01
5.02574e+03 9.20799e-01
5.02604e+03 9.21587e-01
5.02635e+03 9.22375e-01
5.02665e+03 9.23162e-01
5.02695e+03 9.23951e-01
5.02725e+03 9.24741e-01
5.02755e+03 9.25529e-01
5.02785e+03 9.26318e-01
5.02815e+03 9.27106e-01
5.02845e+03 9.27893e-01
5.02875e+03 9.28681e-01
5.02905e+03 9.29469e-01
5.02935e+03 9.30257e-01
5.02965e+03 9.31043e-01
5.02995e+03 9.31637e-01
5.03000e+03 9.31963e-01
5.03025e+03 9.31879e-01
5.03055e+03 9.31776e-01
5.03085e+03 9.31674e-01
5.03115e+03 9.31574e-01
5.03145e+03 9.31472e-01
5.03175e+03 9.31371e-01
5.03205e+03 9.31270e-01
5.03235e+03 9.31167e-01
5.03265e+03 9.31066e-01
5.03295e+03 9.30965e-01
5.03325e+03 9.30865e-01
5.03355e+03 9.30763e-01
5.03385e+03 9.30662e-01
5.03416e+03 9.30559e-01
5.03446e+03 9.30459e-01
5.03476e+03 9.30356e-01
5.03506e+03 9.30256e-01
5.03536e+03 9.30154e-01
5.03566e+03 9.30055e-01
5.03596e+03 9.29953e-01
5.03626e+03 9.30310e-01
5.05000e+03 9.33865e-01
5.07000e+03 9.56842e-01
5.09000e+03 9.27817e-01
5.11000e+03 9.36730e-01
5.13000e+03 9.12394e-01
5.15000e+03 8.75401e-01
5.17000e+03 8.27934e-01
5.19000e+03 8.50205e-01
5.21000e+03 9.10887e-01
5.23000e+03 9.73938e-01
5.25000e+03 9.97051e-01
5.27000e+03 9.29321e-01
5.29000e+03 1.01876e+00
5.31000e+03 1.06533e+00
5.33000e+03 9.89711e-01
5.35000e+03 1.04237e+00
5.37000e+03 1.04775e+00
5.39000e+03 1.03055e+00
5.41000e+03 1.01977e+00
5.43000e+03 1.03400e+00
5.45000e+03 1.05455e+00
5.47000e+03 1.04255e+00
5.49000e+03 1.04491e+00
5.51000e+03 1.03823e+00
5.53000e+03 1.06405e+00
5.55000e+03 1.07441e+00
5.57000e+03 1.05376e+00
5.59000e+03 1.03611e+00
5.61000e+03 1.05910e+00
5.63000e+03 1.06117e+00
5.65000e+03 1.06804e+00
5.67000e+03 1.05282e+00
5.69000e+03 1.06845e+00
5.71000e+03 1.05433e+00
5.73000e+03 1.10770e+00
5.75000e+03 1.08835e+00
5.77000e+03 1.08403e+00
5.79000e+03 1.05786e+00
5.81000e+03 1.08580e+00
5.83000e+03 1.10708e+00
5.85000e+03 1.08394e+00
5.87000e+03 1.06742e+00
5.89000e+03 1.00081e+00
5.91000e+03 1.05636e+00
5.93000e+03 1.07204e+00
5.95000e+03 1.07537e+00
5.97000e+03 1.08691e+00
5.99000e+03 1.07502e+00
6.01000e+03 1.06475e+00
6.03000e+03 1.08225e+00
6.05000e+03 1.09631e+00
6.07000e+03 1.08780e+00
6.09000e+03 1.05858e+00
6.11000e+03 1.04799e+00
6.13000e+03 1.00717e+00
6.15000e+03 1.01192e+00
6.17000e+03 9.79917e-01
6.19000e+03 1.01287e+00
6.21000e+03 1.00594e+00
6.23000e+03 9.74921e-01
6.25000e+03 9.52194e-01
6.27000e+03 9.81554e-01
6.29000e+03 9.95266e-01
6.31000e+03 9.78997e-01
6.33000e+03 9.85918e-01
6.35000e+03 9.90975e-01
6.37000e+03 9.91636e-01
6.39000e+03 1.00340e+00
6.41000e+03 9.94105e-01
6.43000e+03 1.00106e+00
6.45000e+03 1.00034e+00
6.47000e+03 9.97571e-01
6.49000e+03 9.89824e-01
6.51000e+03 1.01442e+00
6.52364e+03 1.02059e+00
6.52404e+03 1.02176e+00
6.52443e+03 1.02182e+00
6.52482e+03 1.02187e+00
6.52522e+03 1.02191e+00
6.52561e+03 1.02196e+00
6.52600e+03 1.02200e+00
6.52640e+03 1.02205e+00
6.52679e+03 1.02209e+00
6.52719e+03 1.02214e+00
6.52758e+03 1.02219e+00
6.52797e+03 1.02224e+00
6.52837e+03 1.02229e+00
6.52876e+03 1.02234e+00
6.52915e+03 1.02239e+00
6.52955e+03 1.02244e+00
6.52994e+03 1.02246e+00
6.53000e+03 1.02241e+00
6.53034e+03 1.02203e+00
6.53073e+03 1.02150e+00
6.53112e+03 1.02097e+00
6.53152e+03 1.02045e+00
6.53191e+03 1.01992e+00
6.53230e+03 1.01939e+00
6.53270e+03 1.01887e+00
6.53309e+03 1.01834e+00
6.53349e+03 1.01781e+00
6.53388e+03 1.01728e+00
6.53427e+03 1.01675e+00
6.53467e+03 1.01622e+00
6.53506e+03 1.01570e+00
6.53546e+03 1.01517e+00
6.53585e+03 1.01465e+00
6.53624e+03 1.01411e+00
6.53664e+03 1.01359e+00
6.53703e+03 1.01308e+00
6.53742e+03 1.01255e+00
6.53782e+03 1.01203e+00
6.53821e+03 1.01151e+00
6.53860e+03 1.01100e+00
6.53900e+03 1.01047e+00
6.53939e+03 1.00996e+00
6.53979e+03 1.00946e+00
6.54018e+03 1.00895e+00
6.54057e+03 1.00846e+00
6.54097e+03 1.00796e+00
6.54136e+03 1.00749e+00
6.54176e+03 1.00700e+00
6.54215e+03 1.00654e+00
6.54254e+03 1.00608e+00
6.54294e+03 1.00564e+00
6.54333e+03 1.00521e+00
6.54372e+03 1.00480e+00
6.54412e+03 1.00440e+00
6.54451e+03 1.00402e+00
6.54491e+03 1.00368e+00
6.54530e+03 1.00336e+00
6.54569e+03 1.00308e+00
6.54609e+03 1.00282e+00
6.54648e+03 1.00260e+00
6.54687e+03 1.00242e+00
6.54727e+03 1.00229e+00
6.54766e+03 1.00221e+00
6.54806e+03 1.00218e+00
6.54845e+03 1.00221e+00
6.54884e+03 1.00230e+00
6.54924e+03 1.00247e+00
6.54963e+03 1.00269e+00
6.55000e+03 1.00290e+00
6.55002e+03 1.00293e+00
6.55042e+03 1.00272e+00
6.55081e+03 1.00254e+00
6.55121e+03 1.00244e+00
6.55160e+03 1.00242e+00
6.55199e+03 1.00249e+00
6.55239e+03 1.00264e+00
6.55278e+03 1.00288e+00
6.55317e+03 1.00319e+00
6.55357e+03 1.00357e+00
6.55396e+03 1.00404e+00
6.55436e+03 1.00457e+00
6.55475e+03 1.00515e+00
6.55514e+03 1.00578e+00
6.55554e+03 1.00646e+00
6.55593e+03 1.00716e+00
6.55633e+03 1.00788e+00
6.55672e+03 1.00860e+00
6.55711e+03 1.00931e+00
6.55751e+03 1.01000e+00
6.55790e+03 1.01065e+00
6.55829e+03 1.01125e+00
6.55869e+03 1.01177e+00
6.55908e+03 1.01220e+00
6.55948e+03 1.01254e+00
6.55987e+03 1.01276e+00
6.56026e+03 1.01285e+00
6.56066e+03 1.01280e+00
6.56105e+03 1.01259e+00
6.56144e+03 1.01222e+00
6.56184e+03 1.01169e+00
6.56223e+03 1.01097e+00
6.56263e+03 1.01006e+00
6.56302e+03 1.00898e+00
6.56341e+03 1.00770e+00
6.56381e+03 1.00624e+00
6.56420e+03 1.00459e+00
6.56459e+03 1.00276e+00
6.56499e+03 1.00077e+00
6.56538e+03 9.98609e-01
6.56578e+03 9.96298e-01
6.56617e+03 9.93847e-01
6.56656e+03 9.91267e-01
6.56696e+03 9.88575e-01
6.56735e+03 9.85782e-01
6.56775e+03 9.82906e-01
6.56814e+03 9.79961e-01
6.56853e+03 9.76963e-01
6.56893e+03 9.73926e-01
6.56932e+03 9.70866e-01
6.56971e+03 9.68002e-01
6.57000e+03 9.65959e-01
6.57011e+03 9.65379e-01
6.57050e+03 9.65003e-01
6.57090e+03 9.64590e-01
6.57129e+03 9.64219e-01
6.57168e+03 9.63896e-01
6.57208e+03 9.63631e-01
6.57247e+03 9.63432e-01
6.57286e+03 9.63303e-01
6.57326e+03 9.63252e-01
6.57365e+03 9.63280e-01
6.57405e+03 9.63392e-01
6.57444e+03 9.63584e-01
6.57483e+03 9.63860e-01
6.57523e+03 9.64220e-01
6.57562e+03 9.64660e-01
6.57601e+03 9.65180e-01
6.57641e+03 9.65778e-01
6.57680e+03 9.66448e-01
6.57720e+03 9.67190e-01
6.57759e+03 9.67998e-01
6.57798e+03 9.68865e-01
6.57838e+03 9.69795e-01
6.57877e+03 9.70777e-01
6.57916e+03 9.71809e-01
6.57956e+03 9.72884e-01
6.57995e+03 9.74006e-01
6.58035e+03 9.75162e-01
6.58074e+03 9.76353e-01
6.58113e+03 9.77574e-01
6.58153e+03 9.78822e-01
6.58192e+03 9.80093e-01
6.58231e+03 9.81388e-01
6.58271e+03 9.82702e-01
6.58310e+03 9.84025e-01
6.58350e+03 9.85353e-01
6.58389e+03 9.86690e-01
6.58428e+03 9.88039e-01
6.58468e+03 9.89397e-01
6.58507e+03 9.90763e-01
6.58546e+03 9.92137e-01
6.58586e+03 9.93516e-01
6.58625e+03 9.94899e-01
6.58665e+03 9.96284e-01
6.58704e+03 9.97674e-01
6.58743e+03 9.99065e-01
6.58783e+03 1.00046e+00
6.58822e+03 1.00186e+00
6.58862e+03 1.00325e+00
6.58901e+03 1.00465e+00
6.58940e+03 1.00605e+00
6.58980e+03 1.00726e+00
6.59000e+03 1.00809e+00
6.59019e+03 1.00831e+00
6.59058e+03 1.00849e+00
6.59098e+03 1.00871e+00
6.59137e+03 1.00894e+00
6.59177e+03 1.00916e+00
6.59216e+03 1.00938e+00
6.59255e+03 1.00959e+00
6.59295e+03 1.00981e+00
6.59334e+03 1.01003e+00
6.59373e+03 1.01025e+00
6.59413e+03 1.01047e+00
6.59452e+03 1.01068e+00
6.59492e+03 1.01090e+00
6.59531e+03 1.01113e+00
6.59570e+03 1.01135e+00
6.59610e+03 1.01157e+00
6.59649e+03 1.01179e+00
6.59688e+03 1.01201e+00
6.59728e+03 1.01223e+00
6.59767e+03 1.01245e+00
6.59807e+03 1.01266e+00
6.59846e+03 1.01288e+00
6.59885e+03 1.01310e+00
6.59925e+03 1.01333e+00
6.59964e+03 1.01355e+00
6.60004e+03 1.01377e+00
6.60043e+03 1.01399e+00
6.60082e+03 1.01420e+00
6.60122e+03 1.01442e+00
6.60161e+03 1.01463e+00
6.60200e+03 1.01643e+00
6.61000e+03 1.01836e+00
6.63000e+03 1.01217e+00
6.65000e+03 1.00792e+00
6.67000e+03 9.92893e-01
6.69000e+03 9.96238e-01
6.71000e+03 9.73498e-01
6.73000e+03 9.86030e-01
6.75000e+03 9.78878e-01
6.77000e+03 9.81237e-01
6.79000e+03 9.76439e-01
6.81000e+03 9.81625e-01
6.83000e+03 9.89922e-01
6.85000e+03 9.76791e-01
6.87000e+03 9.89121e-01
6.89000e+03 1.00372e+00
6.91000e+03 1.00550e+00
6.93000e+03 1.00290e+00
6.95000e+03 1.00601e+00
6.97000e+03 1.01781e+00
6.99000e+03 1.01728e+00
7.01000e+03 1.01124e+00
7.03000e+03 1.02727e+00
7.05000e+03 1.03122e+00
7.07000e+03 1.00726e+00
7.09000e+03 9.79430e-01
7.11000e+03 9.58333e-01
7.13000e+03 9.40115e-01
7.15000e+03 9.35172e-01
7.17000e+03 9.39142e-01
7.19000e+03 9.24466e-01
7.21000e+03 9.38473e-01
7.23000e+03 9.56324e-01
7.25000e+03 9.63165e-01
7.27000e+03 9.65898e-01
7.29000e+03 9.59316e-01
7.31000e+03 9.76603e-01
7.33000e+03 9.82478e-01
7.35000e+03 9.92337e-01
7.37000e+03 1.00833e+00
7.39000e+03 9.95615e-01
7.41000e+03 9.93825e-01
7.43000e+03 1.01077e+00
7.45000e+03 1.01444e+00
7.47000e+03 1.02448e+00
7.49000e+03 1.02424e+00
7.51000e+03 1.03202e+00
7.53000e+03 1.04527e+00
7.55000e+03 1.05244e+00
7.57000e+03 1.04823e+00
7.59000e+03 1.03190e+00
7.61000e+03 1.01399e+00
7.63000e+03 9.93410e-01
7.65000e+03 9.70369e-01
7.67000e+03 9.38865e-01
7.69000e+03 9.49400e-01
7.71000e+03 9.41109e-01
7.73000e+03 9.42254e-01
7.75000e+03 9.41145e-01
7.77000e+03 9.52588e-01
7.79000e+03 9.59618e-01
7.81000e+03 9.59664e-01
7.83000e+03 9.52318e-01
7.85000e+03 9.44354e-01
7.87000e+03 9.51183e-01
7.89000e+03 9.39197e-01
7.91000e+03 9.20209e-01
7.93000e+03 9.17244e-01
7.95000e+03 9.14619e-01
7.97000e+03 9.33422e-01
7.99000e+03 9.37226e-01
8.01000e+03 9.43184e-01
8.03000e+03 9.44478e-01
8.05000e+03 9.44229e-01
8.07000e+03 9.50764e-01
8.09000e+03 9.45811e-01
8.11000e+03 9.54025e-01
8.13000e+03 9.73855e-01
8.15000e+03 9.85132e-01
8.17000e+03 9.89993e-01
8.19000e+03 9.69819e-01
8.21000e+03 9.57381e-01
8.23000e+03 9.59768e-01
8.25000e+03 9.61203e-01
8.27000e+03 9.67570e-01
8.29000e+03 9.58570e-01
8.31000e+03 9.34881e-01
8.33000e+03 9.26858e-01
8.35000e+03 9.28168e-01
8.37000e+03 9.29339e-01
8.39000e+03 9.12359e-01
8.41000e+03 9.26085e-01
8.43000e+03 8.94337e-01
8.45000e+03 8.72752e-01
8.47000e+03 8.71330e-01
8.49000e+03 8.72208e-01
8.51000e+03 8.49668e-01
8.53000e+03 8.65972e-01
8.55000e+03 8.39535e-01
8.57000e+03 8.86836e-01
8.59000e+03 8.88713e-01
8.61000e+03 8.95948e-01
8.63000e+03 9.09587e-01
8.65000e+03 9.05584e-01
8.67000e+03 8.56718e-01
8.69000e+03 8.89022e-01
8.71000e+03 9.15866e-01
8.73000e+03 9.21323e-01
8.75000e+03 9.14903e-01
8.77000e+03 9.25843e-01
8.79000e+03 9.31465e-01
8.81000e+03 9.19406e-01
8.83000e+03 9.22911e-01
8.85000e+03 9.16202e-01
8.87000e+03 8.90197e-01
8.89000e+03 8.95759e-01
8.91000e+03 9.01287e-01
8.93000e+03 8.89494e-01
8.95000e+03 8.87877e-01
8.97000e+03 8.89983e-01
8.99000e+03 8.87374e-01
9.01000e+03 8.69759e-01
9.03000e+03 8.93110e-01
9.05000e+03 9.16697e-01
9.07000e+03 9.18321e-01
9.09000e+03 9.06864e-01
9.11000e+03 9.15786e-01
9.13000e+03 9.28103e-01
9.15000e+03 9.25981e-01
9.17000e+03 9.26705e-01
9.19000e+03 9.29897e-01
9.21000e+03 9.03221e-01
9.23000e+03 8.82121e-01
9.25000e+03 8.79786e-01
9.27000e+03 8.82748e-01
9.29000e+03 8.75856e-01
9.31000e+03 8.79664e-01
9.33000e+03 8.81607e-01
9.35000e+03 8.77342e-01
9.37000e+03 8.68678e-01
9.39000e+03 8.77113e-01
9.41000e+03 8.68795e-01
9.43000e+03 8.79539e-01
9.45000e+03 8.73707e-01
9.47000e+03 8.85439e-01
9.49000e+03 8.85342e-01
9.51000e+03 8.74003e-01
9.53000e+03 8.72084e-01
9.55000e+03 8.59558e-01
9.57000e+03 8.65550e-01
9.59000e+03 8.75346e-01
9.61000e+03 8.67574e-01
9.63000e+03 8.66303e-01
9.65000e+03 8.53606e-01
9.67000e+03 8.52304e-01
9.69000e+03 8.58964e-01
9.71000e+03 8.48584e-01
9.73000e+03 8.39044e-01
9.75000e+03 8.35136e-01
9.77000e+03 8.34543e-01
9.79000e+03 8.27490e-01
9.81000e+03 8.38517e-01
9.83000e+03 8.34795e-01
9.85000e+03 8.36338e-01
9.87000e+03 8.31555e-01
9.89000e+03 8.28732e-01
9.91000e+03 8.24455e-01
9.93000e+03 8.26010e-01
9.95000e+03 8.26580e-01
9.97000e+03 8.25796e-01
9.99000e+03 8.23140e-01
1.00250e+04 8.18102e-01
1.00750e+04 8.08578e-01
1.01250e+04 8.09740e-01
1.01750e+04 8.01857e-01
1.02250e+04 8.00900e-01
1.02750e+04 8.01516e-01
1.03250e+04 7.94135e-01
1.03750e+04 7.90179e-01
1.04250e+04 7.91272e-01
1.04750e+04 7.83906e-01
1.05250e+04 7.77570e-01
1.05750e+04 7.66839e-01
1.06250e+04 7.60436e-01
1.06750e+04 7.54792e-01
1.07250e+04 7.56581e-01
1.07750e+04 7.51549e-01
1.08250e+04 7.43003e-01
1.08750e+04 7.40029e-01
1.09250e+04 7.37508e-01
1.09750e+04 7.30887e-01
1.10250e+04 7.26566e-01
1.10750e+04 7.19242e-01
1.11250e+04 7.15508e-01
1.11750e+04 7.11165e-01
1.12250e+04 7.09673e-01
1.12750e+04 7.03073e-01
1.13250e+04 7.00657e-01
1.13750e+04 6.95776e-01
1.14250e+04 6.89770e-01
1.14750e+04 6.92383e-01
1.15250e+04 6.88052e-01
1.15750e+04 6.78155e-01
1.16250e+04 6.67386e-01
1.16750e+04 6.63617e-01
1.17250e+04 6.61069e-01
1.17750e+04 6.48109e-01
1.18250e+04 6.38557e-01
1.18750e+04 6.29253e-01
1.19250e+04 6.29797e-01
1.19750e+04 6.15482e-01
1.20250e+04 6.18510e-01
1.20750e+04 6.17103e-01
1.21250e+04 6.19801e-01
1.21750e+04 6.22892e-01
1.22250e+04 6.22380e-01
1.22750e+04 6.20918e-01
1.23250e+04 6.20110e-01
1.23750e+04 6.20176e-01
1.24250e+04 6.16996e-01
1.24750e+04 6.16944e-01
1.25250e+04 6.15113e-01
1.25750e+04 6.15455e-01
1.26250e+04 6.14871e-01
1.26750e+04 6.13532e-01
1.27250e+04 6.14047e-01
1.27750e+04 6.10600e-01
1.28250e+04 5.95913e-01
1.28750e+04 5.99064e-01
1.29250e+04 5.95292e-01
1.29750e+04 5.96597e-01
1.30250e+04 5.91250e-01
1.30750e+04 5.88883e-01
1.31250e+04 5.79139e-01
1.31750e+04 5.75365e-01
1.32250e+04 5.73080e-01
1.32750e+04 5.65197e-01
1.33250e+04 5.62853e-01
1.33750e+04 5.58056e-01
1.34250e+04 5.56976e-01
1.34750e+04 5.52482e-01
1.35250e+04 5.47465e-01
1.35750e+04 5.40049e-01
1.36250e+04 5.36645e-01
1.36750e+04 5.37136e-01
1.37250e+04 5.36905e-01
1.37750e+04 5.34594e-01
1.38250e+04 5.32663e-01
1.38750e+04 5.25194e-01
1.39250e+04 5.08901e-01
1.39750e+04 5.02643e-01
1.40250e+04 4.97574e-01
1.40750e+04 4.97856e-01
1.41250e+04 4.93473e-01
1.41750e+04 4.94093e-01
1.42250e+04 4.88463e-01
1.42750e+04 4.82503e-01
1.43250e+04 4.87005e-01
1.43750e+04 4.87556e-01
1.44250e+04 4.79594e-01
1.44750e+04 4.82747e-01
1.45250e+04 4.79557e-01
1.45700e+04 4.78885e-01
1.46200e+04 4.71538e-01
1.46750e+04 4.67117e-01
1.47250e+04 4.62851e-01
1.47750e+04 4.63689e-01
1.48250e+04 4.63768e-01
1.48750e+04 4.60768e-01
1.49250e+04 4.66587e-01
1.49750e+04 4.63080e-01
1.50250e+04 4.57031e-01
1.50750e+04 4.56886e-01
1.51250e+04 4.62171e-01
1.51750e+04 4.63023e-01
1.52250e+04 4.62292e-01
1.52750e+04 4.63339e-01
1.53250e+04 4.61979e-01
1.53750e+04 4.60862e-01
1.54250e+04 4.58723e-01
1.54750e+04 4.58385e-01
1.55250e+04 4.54084e-01
1.55750e+04 4.45501e-01
1.56250e+04 4.46941e-01
1.56750e+04 4.46938e-01
1.57250e+04 4.49743e-01
1.57750e+04 4.32274e-01
1.58250e+04 4.30678e-01
1.58750e+04 4.31138e-01
1.59250e+04 4.39414e-01
1.59750e+04 4.35803e-01
1.60500e+04 4.39397e-01
1.61500e+04 4.41601e-01
1.62500e+04 4.36106e-01
1.63500e+04 4.39327e-01
1.64500e+04 4.30217e-01
1.65500e+04 4.32240e-01
1.66500e+04 4.26171e-01
1.67500e+04 4.20817e-01
1.68500e+04 4.15064e-01
1.69500e+04 4.13458e-01
1.70500e+04 4.06142e-01
1.71500e+04 3.99345e-01
1.72500e+04 3.89913e-01
1.73500e+04 3.79456e-01
1.74500e+04 3.72895e-01
1.75500e+04 3.65522e-01
1.76500e+04 3.57265e-01
1.77500e+04 3.48163e-01
1.78500e+04 3.41220e-01
1.79500e+04 3.32516e-01
1.80500e+04 3.23931e-01
1.81500e+04 3.17081e-01
1.82500e+04 3.12126e-01
1.83500e+04 3.06980e-01
1.84500e+04 3.00236e-01
1.85500e+04 2.95676e-01
1.86500e+04 2.88351e-01
1.87500e+04 2.81689e-01
1.88500e+04 2.78944e-01
1.89500e+04 2.71430e-01
1.90500e+04 2.71129e-01
1.91500e+04 2.66931e-01
1.92500e+04 2.62444e-01
1.93500e+04 2.55694e-01
1.94500e+04 2.49407e-01
1.95500e+04 2.47107e-01
1.96500e+04 2.42689e-01
1.97500e+04 2.37007e-01
1.98500e+04 2.33603e-01
1.99500e+04 2.30694e-01
2.00500e+04 2.28731e-01
2.01500e+04 2.25387e-01
2.02500e+04 2.20563e-01
2.03500e+04 2.17807e-01
2.04500e+04 2.16397e-01
2.05500e+04 2.13180e-01
2.06500e+04 2.10061e-01
2.07500e+04 2.07642e-01
2.08500e+04 2.04574e-01
2.09500e+04 2.01319e-01
2.10500e+04 1.99898e-01
2.11500e+04 1.96786e-01
2.12500e+04 1.94189e-01
2.13500e+04 1.92566e-01
2.14500e+04 1.89927e-01
2.15500e+04 1.86876e-01
2.16500e+04 1.83335e-01
2.17500e+04 1.80794e-01
2.18500e+04 1.78660e-01
2.19500e+04 1.76134e-01
2.20500e+04 1.72475e-01
2.21500e+04 1.71188e-01
2.22500e+04 1.67703e-01
2.23500e+04 1.65309e-01
2.24500e+04 1.63052e-01
2.25500e+04 1.60820e-01
2.26500e+04 1.57887e-01
2.27500e+04 1.56504e-01
2.28500e+04 1.51080e-01
2.29500e+04 1.35123e-01
2.30500e+04 1.37928e-01
2.31500e+04 1.35861e-01
2.32500e+04 1.23120e-01
2.33500e+04 1.26167e-01
2.34500e+04 1.22288e-01
2.35500e+04 1.13207e-01
2.36500e+04 1.17050e-01
2.37500e+04 1.13617e-01
2.38500e+04 1.06335e-01
2.39500e+04 1.09152e-01
2.40500e+04 1.07267e-01
2.41500e+04 1.00920e-01
2.42500e+04 1.02251e-01
2.43500e+04 1.00371e-01
2.44500e+04 9.59758e-02
2.45500e+04 9.43455e-02
2.46500e+04 9.44641e-02
2.47500e+04 9.08242e-02
2.48500e+04 8.47406e-02
2.49500e+04 8.36621e-02
2.50500e+04 8.38634e-02
2.51500e+04 8.02012e-02
2.52500e+04 8.10376e-02
2.53500e+04 8.09134e-02
2.54500e+04 7.94930e-02
2.55500e+04 7.89172e-02
2.56500e+04 7.90552e-02
2.57500e+04 7.91119e-02
2.58500e+04 7.69610e-02
2.59500e+04 7.70716e-02
2.60500e+04 7.72922e-02
2.61500e+04 7.60305e-02
2.62500e+04 7.49209e-02
2.63500e+04 7.48561e-02
2.64500e+04 7.41911e-02
2.65500e+04 7.32231e-02
2.66500e+04 7.20979e-02
2.67500e+04 7.26580e-02
2.68500e+04 7.19308e-02
2.69500e+04 7.04331e-02
2.70500e+04 7.02805e-02
2.71500e+04 6.97131e-02
2.72500e+04 6.92614e-02
2.73500e+04 6.80669e-02
2.74500e+04 6.77741e-02
2.75500e+04 6.73477e-02
2.76500e+04 6.63939e-02
2.77500e+04 6.53751e-02
2.78500e+04 6.52059e-02
2.79500e+04 6.48779e-02
2.80500e+04 6.40209e-02
2.81500e+04 6.31484e-02
2.82500e+04 6.27597e-02
2.83500e+04 6.22620e-02
2.84500e+04 6.15709e-02
2.85500e+04 6.09283e-02
2.86500e+04 6.04081e-02
2.87500e+04 5.97441e-02
2.88500e+04 5.90590e-02
2.89500e+04 5.85121e-02
2.90500e+04 5.79998e-02
2.91500e+04 5.73986e-02
2.92500e+04 5.64681e-02
2.93500e+04 5.62155e-02
2.94500e+04 5.55390e-02
2.95500e+04 5.50569e-02
2.96500e+04 5.46221e-02
2.97500e+04 5.40031e-02
2.98500e+04 5.34187e-02
2.99500e+04 5.28702e-02
3.00500e+04 5.23288e-02
3.01500e+04 5.19996e-02
3.02500e+04 5.13465e-02
3.03500e+04 5.07953e-02
3.04500e+04 5.05908e-02
3.05500e+04 5.00242e-02
3.06500e+04 4.96019e-02
3.07500e+04 4.91938e-02
3.08500e+04 4.86311e-02
3.09500e+04 4.83725e-02
3.10500e+04 4.80324e-02
3.11500e+04 4.73555e-02
3.12500e+04 4.70979e-02
3.13500e+04 4.66800e-02
3.14500e+04 4.62780e-02
3.15500e+04 4.58513e-02
3.16500e+04 4.53484e-02
3.17500e+04 4.50124e-02
3.18500e+04 4.46458e-02
3.19500e+04 4.42902e-02
3.21000e+04 4.36683e-02
3.23000e+04 4.28997e-02
3.25000e+04 4.21369e-02
3.27000e+04 4.13165e-02
3.29000e+04 4.04984e-02
3.31000e+04 3.97782e-02
3.33000e+04 3.90594e-02
3.35000e+04 3.83815e-02
3.37000e+04 3.76295e-02
3.39000e+04 3.69000e-02
3.41000e+04 3.61693e-02
3.43000e+04 3.55587e-02
3.45000e+04 3.49220e-02
3.47000e+04 3.42332e-02
3.49000e+04 3.35856e-02
3.51000e+04 3.29551e-02
3.53000e+04 3.22740e-02
3.55000e+04 3.16768e-02
3.57000e+04 3.10441e-02
3.59000e+04 3.04493e-02
3.61000e+04 2.99596e-02
3.63000e+04 2.93667e-02
3.65000e+04 2.87677e-02
3.67000e+04 2.81875e-02
3.69000e+04 2.75782e-02
3.71000e+04 2.70353e-02
3.73000e+04 2.65670e-02
3.75000e+04 2.59813e-02
3.77000e+04 2.55353e-02
3.79000e+04 2.50466e-02
3.81000e+04 2.46379e-02
3.83000e+04 2.42187e-02
3.85000e+04 2.37650e-02
3.87000e+04 2.32466e-02
3.89000e+04 2.28305e-02
3.91000e+04 2.24146e-02
3.93000e+04 2.20012e-02
3.95000e+04 2.15076e-02
3.97000e+04 2.11061e-02
3.99000e+04 2.06493e-02
4.01000e+04 2.03341e-02
4.03000e+04 1.99949e-02
4.05000e+04 1.95744e-02
4.07000e+04 1.92369e-02
4.09000e+04 1.88958e-02
4.11000e+04 1.85794e-02
4.13000e+04 1.82507e-02
4.15000e+04 1.79096e-02
4.17000e+04 1.75796e-02
4.19000e+04 1.72795e-02
4.21000e+04 1.69528e-02
4.23000e+04 1.67133e-02
4.25000e+04 1.64069e-02
4.27000e+04 1.60715e-02
4.29000e+04 1.52806e-02
4.31000e+04 1.45255e-02
4.33000e+04 1.43293e-02
4.35000e+04 1.37308e-02
4.37000e+04 1.33215e-02
4.39000e+04 1.29910e-02
4.41000e+04 1.24946e-02
4.43000e+04 1.22493e-02
4.45000e+04 1.20043e-02
4.47000e+04 1.16552e-02
4.49000e+04 1.15435e-02
4.51000e+04 1.12831e-02
4.53000e+04 1.10180e-02
4.55000e+04 1.09400e-02
4.57000e+04 1.07948e-02
4.59000e+04 1.04969e-02
4.61000e+04 1.04516e-02
4.63000e+04 1.02914e-02
4.65000e+04 1.01526e-02
4.67000e+04 1.00920e-02
4.69000e+04 9.92040e-03
4.71000e+04 9.75388e-03
4.73000e+04 9.71007e-03
4.75000e+04 9.52387e-03
4.77000e+04 9.40454e-03
4.79000e+04 9.29484e-03
4.81000e+04 9.11943e-03
4.83000e+04 9.09447e-03
4.85000e+04 8.93799e-03
4.87000e+04 8.77169e-03
4.89000e+04 8.64568e-03
4.91000e+04 8.53624e-03
4.93000e+04 8.41373e-03
4.95000e+04 8.27658e-03
4.97000e+04 8.21045e-03
4.99000e+04 8.07808e-03
5.01000e+04 7.98491e-03
5.03000e+04 7.87568e-03
5.05000e+04 7.73554e-03
5.07000e+04 7.65928e-03
5.09000e+04 7.55840e-03
5.11000e+04 7.44225e-03
5.13000e+04 7.37255e-03
5.15000e+04 7.26552e-03
5.17000e+04 7.20981e-03
5.19000e+04 7.10258e-03
5.21000e+04 7.01478e-03
5.23000e+04 6.90377e-03
5.25000e+04 6.84298e-03
5.27000e+04 6.79270e-03
5.29000e+04 6.65600e-03
5.31000e+04 6.56039e-03
5.33000e+04 6.49976e-03
5.35000e+04 6.42136e-03
5.37000e+04 6.34855e-03
5.39000e+04 6.27397e-03
5.41000e+04 6.19470e-03
5.43000e+04 6.09667e-03
5.45000e+04 6.05092e-03
5.47000e+04 5.96210e-03
5.49000e+04 5.89635e-03
5.51000e+04 5.82955e-03
5.53000e+04 5.81362e-03
5.55000e+04 5.69485e-03
5.57000e+04 5.65632e-03
5.59000e+04 5.57816e-03
5.61000e+04 5.52484e-03
5.63000e+04 5.43836e-03
5.65000e+04 5.39877e-03
5.67000e+04 5.33442e-03
5.69000e+04 5.25113e-03
5.71000e+04 5.21795e-03
5.73000e+04 5.15919e-03
5.75000e+04 5.09694e-03
5.77000e+04 5.03458e-03
5.79000e+04 4.99144e-03
5.81000e+04 4.92175e-03
5.83000e+04 4.86697e-03
5.85000e+04 4.81062e-03
5.87000e+04 4.74117e-03
5.89000e+04 4.68916e-03
5.91000e+04 4.63931e-03
5.93000e+04 4.59068e-03
5.95000e+04 4.53118e-03
5.97000e+04 4.48944e-03
5.99000e+04 4.43956e-03
6.01000e+04 4.38796e-03
6.03000e+04 4.33515e-03
6.05000e+04 4.27518e-03
6.07000e+04 4.22604e-03
6.09000e+04 4.17599e-03
6.11000e+04 4.12470e-03
6.13000e+04 4.08452e-03
6.15000e+04 4.04316e-03
6.17000e+04 4.00305e-03
6.19000e+04 3.95665e-03
6.21000e+04 3.91381e-03
6.23000e+04 3.86219e-03
6.25000e+04 3.81122e-03
6.27000e+04 3.76797e-03
6.29000e+04 3.72789e-03
6.31000e+04 3.68546e-03
6.33000e+04 3.65115e-03
6.35000e+04 3.60779e-03
6.37000e+04 3.57274e-03
6.39000e+04 3.52467e-03
6.42000e+04 3.46611e-03
6.46000e+04 3.38866e-03
6.50000e+04 3.31361e-03
6.54000e+04 3.24010e-03
6.58000e+04 3.17082e-03
6.62000e+04 3.09963e-03
6.66000e+04 3.03192e-03
6.70000e+04 2.96622e-03
6.74000e+04 2.89990e-03
6.78000e+04 2.83695e-03
6.82000e+04 2.77523e-03
6.86000e+04 2.71646e-03
6.90000e+04 2.65746e-03
6.94000e+04 2.60056e-03
6.98000e+04 2.54527e-03
7.02000e+04 2.49035e-03
7.06000e+04 2.43862e-03
7.10000e+04 2.38717e-03
7.14000e+04 2.33732e-03
7.18000e+04 2.28814e-03
7.22000e+04 2.24086e-03
7.26000e+04 2.19410e-03
7.30000e+04 2.14891e-03
7.34000e+04 2.10446e-03
7.38000e+04 2.06165e-03
7.42000e+04 2.01837e-03
7.46000e+04 1.97687e-03
7.50000e+04 1.93741e-03
7.54000e+04 1.89861e-03
7.58000e+04 1.86200e-03
7.62000e+04 1.82525e-03
7.66000e+04 1.78912e-03
7.70000e+04 1.75370e-03
7.74000e+04 1.71953e-03
7.78000e+04 1.68611e-03
7.82000e+04 1.65321e-03
7.86000e+04 1.62137e-03
7.90000e+04 1.59011e-03
7.94000e+04 1.55970e-03
7.98000e+04 1.52992e-03
8.02000e+04 1.50033e-03
8.06000e+04 1.47198e-03
8.10000e+04 1.44477e-03
8.14000e+04 1.41756e-03
8.18000e+04 1.39148e-03
8.22000e+04 1.36570e-03
8.26000e+04 1.34047e-03
8.30000e+04 1.31581e-03
8.34000e+04 1.29144e-03
8.38000e+04 1.26790e-03
8.42000e+04 1.24527e-03
8.46000e+04 1.22264e-03
8.50000e+04 1.20075e-03
8.54000e+04 1.17932e-03
8.58000e+04 1.15842e-03
8.62000e+04 1.13806e-03
8.66000e+04 1.11801e-03
8.70000e+04 1.09835e-03
8.74000e+04 1.07918e-03
8.78000e+04 1.06031e-03
8.82000e+04 1.04171e-03
8.86000e+04 1.02373e-03
8.90000e+04 1.00612e-03
8.94000e+04 9.89041e-04
8.98000e+04 9.71868e-04
9.02000e+04 9.55686e-04
9.06000e+04 9.39592e-04
9.10000e+04 9.23293e-04
9.14000e+04 9.08099e-04
9.18000e+04 8.93166e-04
9.22000e+04 8.78514e-04
9.26000e+04 8.63969e-04
9.30000e+04 8.49724e-04
9.34000e+04 8.35698e-04
9.38000e+04 8.22094e-04
9.42000e+04 8.08705e-04
9.46000e+04 7.95491e-04
9.50000e+04 7.82666e-04
9.54000e+04 7.70191e-04
9.58000e+04 7.57876e-04
9.62000e+04 7.45722e-04
9.66000e+04 7.33912e-04
9.70000e+04 7.22228e-04
9.74000e+04 7.10474e-04
9.78000e+04 6.99537e-04
9.82000e+04 6.88752e-04
9.86000e+04 6.78059e-04
9.90000e+04 6.67610e-04
9.94000e+04 6.57206e-04
9.98000e+04 6.47109e-04
1.00200e+05 5.21058e-04
2.00000e+05 4.73274e-05
4.00000e+05 3.57812e-06
6.00000e+05 6.12451e-07
8.00000e+05 1.88795e-07
1.00000e+06 7.76190e-08
1.20000e+06 3.81241e-08
1.40000e+06 2.11512e-08
1.60000e+06 1.35148e-08
